37
B.FR.83.HXBLAI_IIIB_BRU.K03455 0.0000000 0.1294739 0.1447083 0.1380438 0.1401537 0.1727946 0.0148686 0.1108896 0.0588735 0.1216406 0.0987282 0.1471443 0.1302594 0.1109173 0.1116920 0.1117149 0.1419870 0.1600962 0.1413070 0.0797067 0.0824138 0.0884593 0.1362852 0.1446942 0.1386016 0.1563772 0.1443787 0.1311394 0.2110664 0.1318479 0.2223141 0.0812166 0.2232121 0.1052563 0.1409356 0.1357452 0.4567541 
A                              0.1294739 0.0000000 0.0235387 0.0871655 0.0409989 0.0440260 0.1138981 0.1228834 0.0937763 0.1592063 0.1221252 0.1184080 0.1169141 0.1235010 0.1181204 0.1131155 0.0535481 0.0678380 0.0488285 0.1128482 0.1408640 0.1134450 0.1630893 0.1412854 0.0510027 0.0729159 0.0513263 0.0773607 0.0799751 0.1579186 0.1814732 0.1167567 0.1154805 0.1163433 0.0658485 0.0679019 0.4505560 
A1                             0.1447083 0.0235387 0.0000000 0.1079471 0.0622760 0.0543153 0.1225945 0.1323303 0.1054824 0.1729443 0.1315099 0.1243341 0.1230701 0.1347443 0.1341032 0.1222149 0.0673548 0.0802752 0.0571295 0.1214509 0.1469251 0.1222837 0.1803627 0.1532058 0.0646756 0.0997749 0.0706191 0.0857096 0.0632147 0.1715129 0.1920528 0.1254335 0.1098983 0.1325384 0.0866867 0.0827640 0.4530241 
A2                             0.1380438 0.0871655 0.1079471 0.0000000 0.1167068 0.1342663 0.1398423 0.1154948 0.1094482 0.1452163 0.1085232 0.1161021 0.0989143 0.1319505 0.1011369 0.1433633 0.1341171 0.0791488 0.1167531 0.1294512 0.1367033 0.1531895 0.1530029 0.1419291 0.1341171 0.0238688 0.1259075 0.0845011 0.1591347 0.1440463 0.1182444 0.1383683 0.1157242 0.1266074 0.1358542 0.1276852 0.5001418 
A3                             0.1401537 0.0409989 0.0622760 0.1167068 0.0000000 0.0786333 0.1278448 0.1477158 0.1136437 0.1451388 0.1412527 0.1488344 0.1512912 0.1483186 0.1369004 0.1290904 0.0737811 0.0725956 0.0689792 0.1412378 0.1567940 0.1318711 0.1680422 0.1566577 0.0766514 0.1060942 0.0806235 0.0977086 0.1205569 0.1556569 0.1963287 0.1340461 0.1311354 0.1401392 0.0774770 0.0766716 0.5480683 
A6                             0.1727946 0.0440260 0.0543153 0.1342663 0.0786333 0.0000000 0.1482373 0.1515626 0.1292558 0.1839412 0.1508049 0.1517260 0.1633978 0.1813295 0.1645723 0.1548275 0.0875246 0.0945965 0.0733574 0.1427379 0.1673114 0.1344262 0.2136284 0.1921344 0.0905959 0.1154419 0.0942163 0.1207059 0.1130465 0.1823551 0.1991390 0.1370536 0.1416664 0.1336654 0.0934379 0.0967468 0.4705031 
B                              0.0148686 0.1138981 0.1225945 0.1398423 0.1278448 0.1482373 0.0000000 0.0930833 0.0424685 0.1089839 0.0875631 0.1351868 0.1185950 0.1220952 0.0995157 0.0944118 0.1293038 0.1503746 0.1285693 0.0648802 0.0665360 0.0721746 0.1228321 0.1357519 0.1259665 0.1427434 0.1282896 0.1238583 0.1968855 0.1187169 0.2156382 0.0602711 0.2128237 0.0928059 0.1252567 0.1234169 0.4384680 
C                              0.1108896 0.1228834 0.1323303 0.1154948 0.1477158 0.1515626 0.0930833 0.0000000 0.0818829 0.1113117 0.0945971 0.1328025 0.0932728 0.1169648 0.0925077 0.1068928 0.1578523 0.1629884 0.1454233 0.0985370 0.0459039 0.1030924 0.1246435 0.1832629 0.1541882 0.1406774 0.1637731 0.1027553 0.1611976 0.1105626 0.1659845 0.0938936 0.1817441 0.0557289 0.1610661 0.1549325 0.4467015 
D                              0.0588735 0.0937763 0.1054824 0.1094482 0.1136437 0.1292558 0.0424685 0.0818829 0.0000000 0.1202714 0.0789316 0.1087275 0.1051065 0.0979348 0.0798240 0.0871159 0.1215090 0.1307487 0.1142725 0.0408464 0.0975749 0.0330837 0.1267255 0.1334744 0.1182516 0.1340094 0.1205820 0.1004569 0.1702754 0.1158648 0.1843646 0.0326442 0.1886271 0.1005614 0.1114037 0.1159206 0.4790440 
F1                             0.1216406 0.1592063 0.1729443 0.1452163 0.1451388 0.1839412 0.1089839 0.1113117 0.1202714 0.0000000 0.0471738 0.1975161 0.1217082 0.1583129 0.0708288 0.1097231 0.1700771 0.1561760 0.1610634 0.1476011 0.1134515 0.1460686 0.0173022 0.1975161 0.1663220 0.1567272 0.1839995 0.1544048 0.2357485 0.0195196 0.2386480 0.1235394 0.2089994 0.1123723 0.1742237 0.1631929 0.5033474 
F2                             0.0987282 0.1221252 0.1315099 0.1085232 0.1412527 0.1508049 0.0875631 0.0945971 0.0789316 0.0471738 0.0000000 0.1361052 0.0846175 0.1005002 0.0363631 0.0842180 0.1734087 0.1507847 0.1418638 0.0957541 0.0951032 0.1094939 0.0470715 0.1510565 0.1696579 0.1324674 0.1596374 0.1247021 0.1789026 0.0365996 0.1734315 0.1007451 0.1941091 0.0835426 0.1565281 0.1583534 0.4712432 
G                              0.1471443 0.1184080 0.1243341 0.1161021 0.1488344 0.1517260 0.1351868 0.1328025 0.1087275 0.1975161 0.1361052 0.0000000 0.1165551 0.1286890 0.1275151 0.1166400 0.1704796 0.1690606 0.1574480 0.1100189 0.1627607 0.1127008 0.2052927 0.0379066 0.1666175 0.1298616 0.1527916 0.0964293 0.1764792 0.1867380 0.0453139 0.1404464 0.2120248 0.1627197 0.1495295 0.1550692 0.5502735 
H                              0.1302594 0.1169141 0.1230701 0.0989143 0.1512912 0.1633978 0.1185950 0.0932728 0.1051065 0.1217082 0.0846175 0.1165551 0.0000000 0.1298652 0.0963904 0.0881656 0.1461635 0.1606085 0.1606500 0.1360798 0.1034722 0.1356732 0.1213857 0.1420946 0.1426480 0.1224305 0.1563129 0.1286858 0.1832555 0.1136497 0.1759872 0.1251724 0.1934937 0.1107743 0.1680585 0.1505771 0.4706870 
J                              0.1109173 0.1235010 0.1347443 0.1319505 0.1483186 0.1813295 0.1220952 0.1169648 0.0979348 0.1583129 0.1005002 0.1286890 0.1298652 0.0000000 0.1089433 0.1095002 0.1921917 0.1671984 0.1640755 0.1070319 0.1279166 0.1175666 0.1509343 0.1301255 0.1885197 0.1584398 0.1747099 0.1136341 0.1812875 0.1416917 0.1811500 0.1303082 0.2203592 0.1282986 0.1421982 0.1845024 0.4868338 
K                              0.1116920 0.1181204 0.1341032 0.1011369 0.1369004 0.1645723 0.0995157 0.0925077 0.0798240 0.0708288 0.0363631 0.1275151 0.0963904 0.1089433 0.0000000 0.0879471 0.1683709 0.1529629 0.1438501 0.0889144 0.1073017 0.1121461 0.0665267 0.1452495 0.1646788 0.1242637 0.1509943 0.1237381 0.1732511 0.0587496 0.1718013 0.1083753 0.1922021 0.0994202 0.1664981 0.1606609 0.5291870 
L                              0.1117149 0.1131155 0.1222149 0.1433633 0.1290904 0.1548275 0.0944118 0.1068928 0.0871159 0.1097231 0.0842180 0.1166400 0.0881656 0.1095002 0.0879471 0.0000000 0.1501555 0.1514064 0.1449468 0.1080937 0.1175420 0.1149260 0.1236497 0.1161679 0.1466228 0.1546961 0.1596624 0.1145002 0.2031820 0.1089544 0.2021410 0.1061325 0.2014658 0.1136201 0.1373188 0.1466952 0.5093690 
AE                             0.1419870 0.0535481 0.0673548 0.1341171 0.0737811 0.0875246 0.1293038 0.1578523 0.1215090 0.1700771 0.1734087 0.1704796 0.1461635 0.1921917 0.1683709 0.1501555 0.0000000 0.0797385 0.0575784 0.1499233 0.1586839 0.1298799 0.1826389 0.1751104 0.0020163 0.1151713 0.0287744 0.1336617 0.1265124 0.1770619 0.2374139 0.1249267 0.1297825 0.1543288 0.0816037 0.0191084 0.4116472 
AG                             0.1600962 0.0678380 0.0802752 0.0791488 0.0725956 0.0945965 0.1503746 0.1629884 0.1307487 0.1561760 0.1507847 0.1690606 0.1606085 0.1671984 0.1529629 0.1514064 0.0797385 0.0000000 0.0610265 0.1649004 0.1708304 0.1656105 0.1927351 0.1687182 0.0827808 0.0733870 0.0850540 0.1331239 0.1174686 0.1671112 0.1308819 0.1575263 0.0383969 0.1276590 0.0597267 0.0783382 0.4533950 
cpx                            0.1413070 0.0488285 0.0571295 0.1167531 0.0689792 0.0733574 0.1285693 0.1454233 0.1142725 0.1610634 0.1418638 0.1574480 0.1606500 0.1640755 0.1438501 0.1449468 0.0575784 0.0610265 0.0000000 0.1407691 0.1611216 0.1453274 0.1891907 0.1659211 0.0603109 0.0983856 0.0589863 0.1261895 0.1066557 0.1679453 0.2069890 0.1280228 0.1094938 0.1343560 0.0740859 0.0593533 0.4601300 
DF                             0.0797067 0.1128482 0.1214509 0.1294512 0.1412378 0.1427379 0.0648802 0.0985370 0.0408464 0.1476011 0.0957541 0.1100189 0.1360798 0.1070319 0.0889144 0.1080937 0.1499233 0.1649004 0.1407691 0.0000000 0.1087519 0.0581186 0.1477912 0.1380467 0.1464778 0.1563315 0.1440688 0.1173243 0.1665902 0.1424450 0.1634440 0.0589346 0.2111157 0.1118950 0.1445127 0.1497772 0.5074022 
BC                             0.0824138 0.1408640 0.1469251 0.1367033 0.1567940 0.1673114 0.0665360 0.0459039 0.0975749 0.1134515 0.0951032 0.1627607 0.1034722 0.1279166 0.1073017 0.1175420 0.1586839 0.1708304 0.1611216 0.1087519 0.0000000 0.1242910 0.1331731 0.1796829 0.1550909 0.1445189 0.1678742 0.1151473 0.1801037 0.1161172 0.1870754 0.1170156 0.2116936 0.0846870 0.1805867 0.1632486 0.4147047 
CD                             0.0884593 0.1134450 0.1222837 0.1531895 0.1318711 0.1344262 0.0721746 0.1030924 0.0330837 0.1460686 0.1094939 0.1127008 0.1356732 0.1175666 0.1121461 0.1149260 0.1298799 0.1656105 0.1453274 0.0581186 0.1242910 0.0000000 0.1491232 0.1449890 0.1266122 0.1616898 0.1523735 0.1322146 0.1792977 0.1373354 0.1773804 0.0505223 0.2206249 0.1235761 0.1312066 0.1299388 0.4992916 
BF                             0.1362852 0.1630893 0.1803627 0.1530029 0.1680422 0.2136284 0.1228321 0.1246435 0.1267255 0.0173022 0.0470715 0.2052927 0.1213857 0.1509343 0.0665267 0.1236497 0.1826389 0.1927351 0.1891907 0.1477912 0.1331731 0.1491232 0.0000000 0.2061567 0.1788073 0.1815615 0.1970172 0.1694466 0.2437988 0.0174091 0.2636192 0.1300248 0.2416798 0.1332345 0.1997078 0.1876127 0.5277830 
BG                             0.1446942 0.1412854 0.1532058 0.1419291 0.1566577 0.1921344 0.1357519 0.1832629 0.1334744 0.1975161 0.1510565 0.0379066 0.1420946 0.1301255 0.1452495 0.1161679 0.1751104 0.1687182 0.1659211 0.1380467 0.1796829 0.1449890 0.2061567 0.0000000 0.1713053 0.1452595 0.1619394 0.1320467 0.2008232 0.1956825 0.0900942 0.1552974 0.2349352 0.1997470 0.1360158 0.1597996 0.5256886 
01B                            0.1386016 0.0510027 0.0646756 0.1341171 0.0766514 0.0905959 0.1259665 0.1541882 0.1182516 0.1663220 0.1696579 0.1666175 0.1426480 0.1885197 0.1646788 0.1466228 0.0020163 0.0827808 0.0603109 0.1464778 0.1550909 0.1266122 0.1788073 0.1713053 0.0000000 0.1151713 0.0311552 0.1302765 0.1299220 0.1732972 0.2329656 0.1216457 0.1334052 0.1506702 0.0846287 0.0213411 0.4059121 
A2D                            0.1563772 0.0729159 0.0997749 0.0238688 0.1060942 0.1154419 0.1427434 0.1406774 0.1340094 0.1567272 0.1324674 0.1298616 0.1224305 0.1584398 0.1242637 0.1546961 0.1151713 0.0733870 0.0983856 0.1563315 0.1445189 0.1616898 0.1815615 0.1452595 0.1151713 0.0000000 0.1103874 0.0956683 0.1513710 0.1595651 0.1330235 0.1576854 0.1163613 0.1367292 0.1275803 0.1162693 0.4584291 
01A1                           0.1443787 0.0513263 0.0706191 0.1259075 0.0806235 0.0942163 0.1282896 0.1637731 0.1205820 0.1839995 0.1596374 0.1527916 0.1563129 0.1747099 0.1509943 0.1596624 0.0287744 0.0850540 0.0589863 0.1440688 0.1678742 0.1523735 0.1970172 0.1619394 0.0311552 0.1103874 0.0000000 0.1259195 0.1373390 0.1909426 0.2288692 0.1413722 0.1291400 0.1641398 0.0854272 0.0428051 0.4657496 
A5U                            0.1311394 0.0773607 0.0857096 0.0845011 0.0977086 0.1207059 0.1238583 0.1027553 0.1004569 0.1544048 0.1247021 0.0964293 0.1286858 0.1136341 0.1237381 0.1145002 0.1336617 0.1331239 0.1261895 0.1173243 0.1151473 0.1322146 0.1694466 0.1320467 0.1302765 0.0956683 0.1259195 0.0000000 0.1642320 0.1531813 0.1350252 0.1228877 0.1619100 0.1224562 0.1194376 0.1275994 0.4972410 
AD                             0.2110664 0.0799751 0.0632147 0.1591347 0.1205569 0.1130465 0.1968855 0.1611976 0.1702754 0.2357485 0.1789026 0.1764792 0.1832555 0.1812875 0.1732511 0.2031820 0.1265124 0.1174686 0.1066557 0.1665902 0.1801037 0.1792977 0.2437988 0.2008232 0.1299220 0.1513710 0.1373390 0.1642320 0.0000000 0.2289629 0.2127746 0.1833288 0.1369771 0.1750188 0.1415370 0.1397044 0.4643308 
BF1                            0.1318479 0.1579186 0.1715129 0.1440463 0.1556569 0.1823551 0.1187169 0.1105626 0.1158648 0.0195196 0.0365996 0.1867380 0.1136497 0.1416917 0.0587496 0.1089544 0.1770619 0.1671112 0.1679453 0.1424450 0.1161172 0.1373354 0.0174091 0.1956825 0.1732972 0.1595651 0.1909426 0.1531813 0.2289629 0.0000000 0.2217594 0.1190748 0.2116145 0.1186296 0.1813910 0.1700149 0.4760781 
02G                            0.2223141 0.1814732 0.1920528 0.1182444 0.1963287 0.1991390 0.2156382 0.1659845 0.1843646 0.2386480 0.1734315 0.0453139 0.1759872 0.1811500 0.1718013 0.2021410 0.2374139 0.1308819 0.2069890 0.1634440 0.1870754 0.1773804 0.2636192 0.0900942 0.2329656 0.1330235 0.2288692 0.1350252 0.2127746 0.2217594 0.0000000 0.2119817 0.1589085 0.1775471 0.2253239 0.2133375 0.5285952 
A1D                            0.0812166 0.1167567 0.1254335 0.1383683 0.1340461 0.1370536 0.0602711 0.0938936 0.0326442 0.1235394 0.1007451 0.1404464 0.1251724 0.1303082 0.1083753 0.1061325 0.1249267 0.1575263 0.1280228 0.0589346 0.1170156 0.0505223 0.1300248 0.1552974 0.1216457 0.1576854 0.1413722 0.1228877 0.1833288 0.1190748 0.2119817 0.0000000 0.1934020 0.1103885 0.1252368 0.1295336 0.4459656 
02A                            0.2232121 0.1154805 0.1098983 0.1157242 0.1311354 0.1416664 0.2128237 0.1817441 0.1886271 0.2089994 0.1941091 0.2120248 0.1934937 0.2203592 0.1922021 0.2014658 0.1297825 0.0383969 0.1094938 0.2111157 0.2116936 0.2206249 0.2416798 0.2349352 0.1334052 0.1163613 0.1291400 0.1619100 0.1369771 0.2116145 0.1589085 0.1934020 0.0000000 0.1774618 0.1100828 0.1379636 0.4700512 
C2U                            0.1052563 0.1163433 0.1325384 0.1266074 0.1401392 0.1336654 0.0928059 0.0557289 0.1005614 0.1123723 0.0835426 0.1627197 0.1107743 0.1282986 0.0994202 0.1136201 0.1543288 0.1276590 0.1343560 0.1118950 0.0846870 0.1235761 0.1332345 0.1997470 0.1506702 0.1367292 0.1641398 0.1224562 0.1750188 0.1186296 0.1775471 0.1103885 0.1774618 0.0000000 0.1347699 0.1582784 0.4694983 
02B                            0.1409356 0.0658485 0.0866867 0.1358542 0.0774770 0.0934379 0.1252567 0.1610661 0.1114037 0.1742237 0.1565281 0.1495295 0.1680585 0.1421982 0.1664981 0.1373188 0.0816037 0.0597267 0.0740859 0.1445127 0.1805867 0.1312066 0.1997078 0.1360158 0.0846287 0.1275803 0.0854272 0.1194376 0.1415370 0.1813910 0.2253239 0.1252368 0.1100828 0.1347699 0.0000000 0.0713735 0.4823127 
01C                            0.1357452 0.0679019 0.0827640 0.1276852 0.0766716 0.0967468 0.1234169 0.1549325 0.1159206 0.1631929 0.1583534 0.1550692 0.1505771 0.1845024 0.1606609 0.1466952 0.0191084 0.0783382 0.0593533 0.1497772 0.1632486 0.1299388 0.1876127 0.1597996 0.0213411 0.1162693 0.0428051 0.1275994 0.1397044 0.1700149 0.2133375 0.1295336 0.1379636 0.1582784 0.0713735 0.0000000 0.4120875 
CPZ                            0.4567541 0.4505560 0.4530241 0.5001418 0.5480683 0.4705031 0.4384680 0.4467015 0.4790440 0.5033474 0.4712432 0.5502735 0.4706870 0.4868338 0.5291870 0.5093690 0.4116472 0.4533950 0.4601300 0.5074022 0.4147047 0.4992916 0.5277830 0.5256886 0.4059121 0.4584291 0.4657496 0.4972410 0.4643308 0.4760781 0.5285952 0.4459656 0.4700512 0.4694983 0.4823127 0.4120875 0.0000000 
