37
B.FR.83.HXBLAI_IIIB_BRU.K03455 0.0000000 0.2170777 0.2691549 0.2649212 0.2931256 0.2862611 0.0409894 0.2314545 0.1219773 0.1826764 0.1970823 0.2439512 0.2032718 0.2154093 0.1849428 0.1876467 0.2550537 0.2175600 0.2026195 0.1983520 0.1554362 0.1929485 0.1799742 0.3534433 0.2655977 0.2597722 0.2660771 0.2071605 0.2945906 0.2010062 0.2785871 0.2921581 0.2631704 0.2428505 0.2776942 0.2917435 0.5585267 
A                              0.2170777 0.0000000 0.0491537 0.1075500 0.1234054 0.1166563 0.1789880 0.2069745 0.1935134 0.1857625 0.1985143 0.1345046 0.1785963 0.1949105 0.2107509 0.2126365 0.0983892 0.0819851 0.2071917 0.2401185 0.2254026 0.2146776 0.1887518 0.1752826 0.1003257 0.1382357 0.0948158 0.1463833 0.0879244 0.2144651 0.1532335 0.1469273 0.1206168 0.2799659 0.1502750 0.1201714 0.4928139 
A1                             0.2691549 0.0491537 0.0000000 0.1053464 0.1512387 0.1232395 0.2160081 0.2185185 0.2172143 0.2015482 0.2324002 0.1402240 0.1863146 0.2208384 0.2251079 0.2540517 0.1273738 0.1008603 0.2135125 0.2595845 0.2443739 0.2232863 0.1837199 0.1683542 0.1299900 0.1566037 0.1243680 0.1671041 0.0465601 0.2006012 0.1587393 0.0940899 0.1388951 0.2820495 0.1540838 0.1518835 0.4965572 
A2                             0.2649212 0.1075500 0.1053464 0.0000000 0.2041897 0.1487429 0.2195415 0.2040210 0.2173557 0.2138817 0.2332089 0.1586755 0.1723124 0.2120846 0.2125459 0.2243808 0.1689133 0.1286562 0.2097204 0.2638503 0.2193668 0.2417338 0.2072209 0.1890631 0.1725919 0.0662837 0.1826675 0.1450650 0.1453872 0.2177521 0.1830822 0.1672788 0.1743131 0.2387624 0.2050414 0.1976532 0.5494581 
A3                             0.2931256 0.1234054 0.1512387 0.2041897 0.0000000 0.2168236 0.2553035 0.3302831 0.3040984 0.2870893 0.2949965 0.2388145 0.2435499 0.2910178 0.2844578 0.2857623 0.1680266 0.1773156 0.3096465 0.3342827 0.3606460 0.3162935 0.2761536 0.2905403 0.1827567 0.2216857 0.1693809 0.2339870 0.1857351 0.3037573 0.2535303 0.2372596 0.1976620 0.4072790 0.2519755 0.1884851 0.5483242 
A6                             0.2862611 0.1166563 0.1232395 0.1487429 0.2168236 0.0000000 0.2460131 0.2341555 0.2735759 0.2722093 0.2753984 0.1886906 0.2112723 0.2318461 0.2705010 0.2655054 0.1599295 0.1139735 0.2221897 0.3212684 0.2248757 0.2781893 0.2713615 0.2269935 0.1702556 0.1955834 0.1810296 0.2260482 0.1558641 0.2888178 0.1909186 0.1893196 0.0941253 0.2963436 0.2102176 0.1794551 0.5842668 
B                              0.0409894 0.1789880 0.2160081 0.2195415 0.2553035 0.2460131 0.0000000 0.1910711 0.0999101 0.1503446 0.1557373 0.1966186 0.1558849 0.1738056 0.1516475 0.1548930 0.2094981 0.2047297 0.1832068 0.1794969 0.1165236 0.1514078 0.1403140 0.2864366 0.2182493 0.1992322 0.2227703 0.1811611 0.2382869 0.1460861 0.2169405 0.2452263 0.2286588 0.1913456 0.2514872 0.2413134 0.5027043 
C                              0.2314545 0.2069745 0.2185185 0.2040210 0.3302831 0.2341555 0.1910711 0.0000000 0.2204287 0.2047348 0.1776796 0.1892626 0.1799553 0.1977615 0.1732014 0.1713060 0.2167547 0.1821424 0.2062967 0.2412341 0.1036362 0.1864490 0.2025834 0.2509077 0.2257504 0.2126468 0.2506999 0.2263850 0.2580483 0.2086276 0.2040617 0.2785395 0.2563923 0.1230513 0.2294396 0.2444745 0.4820950 
D                              0.1219773 0.1935134 0.2172143 0.2173557 0.3040984 0.2735759 0.0999101 0.2204287 0.0000000 0.1272075 0.1612542 0.2247235 0.1668207 0.2015914 0.1314367 0.1941187 0.2528633 0.2123653 0.1895300 0.1374892 0.1681343 0.0742539 0.1308246 0.3006978 0.2635316 0.2334917 0.2639206 0.1785022 0.2296186 0.1635376 0.2447390 0.2550752 0.2411535 0.2043069 0.2604051 0.2894861 0.4924860 
F1                             0.1826764 0.1857625 0.2015482 0.2138817 0.2870893 0.2722093 0.1503446 0.2047348 0.1272075 0.0000000 0.0734917 0.1967434 0.1432983 0.2044773 0.1537281 0.2209536 0.2322575 0.1779708 0.1828640 0.0630240 0.1982483 0.1515872 0.0319909 0.2557964 0.2419671 0.2187070 0.2620990 0.1941734 0.2271545 0.0691691 0.2264663 0.2393089 0.2479484 0.2164960 0.2513945 0.2531977 0.5270053 
F2                             0.1970823 0.1985143 0.2324002 0.2332089 0.2949965 0.2753984 0.1557373 0.1776796 0.1612542 0.0734917 0.0000000 0.2017625 0.1593414 0.1812877 0.1479534 0.2011209 0.2382276 0.1935382 0.2124873 0.1162196 0.1824739 0.1782408 0.0811973 0.2673395 0.2480710 0.2194778 0.2356413 0.2033886 0.2504315 0.1213921 0.2302512 0.2596771 0.2376419 0.2084943 0.2375060 0.2636689 0.5262361 
G                              0.2439512 0.1345046 0.1402240 0.1586755 0.2388145 0.1886906 0.1966186 0.1892626 0.2247235 0.1967434 0.2017625 0.0000000 0.1974660 0.1840747 0.1812987 0.2216644 0.1401400 0.1095628 0.1975041 0.2231931 0.2288155 0.2013100 0.1890475 0.0833270 0.1431454 0.1830140 0.1518341 0.1694321 0.1519705 0.2245850 0.0641302 0.2040502 0.1555639 0.2230321 0.1495700 0.1735762 0.5448256 
H                              0.2032718 0.1785963 0.1863146 0.1723124 0.2435499 0.2112723 0.1558849 0.1799553 0.1668207 0.1432983 0.1593414 0.1974660 0.0000000 0.1647229 0.1573510 0.1710650 0.1867925 0.1962864 0.1129349 0.1724549 0.1875395 0.2058472 0.1413808 0.2479248 0.1983413 0.1687776 0.2036432 0.2205896 0.2108399 0.1546458 0.2249303 0.2466181 0.2013364 0.1809928 0.2614832 0.2083008 0.5424937 
J                              0.2154093 0.1949105 0.2208384 0.2120846 0.2910178 0.2318461 0.1738056 0.1977615 0.2015914 0.2044773 0.1812877 0.1840747 0.1647229 0.0000000 0.1435427 0.1603535 0.1956232 0.2032603 0.2053001 0.2428213 0.1839475 0.2269997 0.1984028 0.2465940 0.2002981 0.2107256 0.2051373 0.2317258 0.2245817 0.2077743 0.1994507 0.2585904 0.2394463 0.1932934 0.2416926 0.2366046 0.5304656 
K                              0.1849428 0.2107509 0.2251079 0.2125459 0.2844578 0.2705010 0.1516475 0.1732014 0.1314367 0.1537281 0.1479534 0.1812987 0.1573510 0.1435427 0.0000000 0.1507824 0.2014701 0.2003436 0.1998896 0.1725165 0.1721333 0.1637756 0.1465632 0.2324281 0.2062083 0.1991133 0.2021477 0.2070241 0.2490707 0.1891756 0.2200339 0.2730364 0.2368138 0.1497677 0.2358354 0.2129843 0.5192950 
L                              0.1876467 0.2126365 0.2540517 0.2243808 0.2857623 0.2655054 0.1548930 0.1713060 0.1941187 0.2209536 0.2011209 0.2216644 0.1710650 0.1603535 0.1507824 0.0000000 0.2452681 0.2257980 0.1973321 0.2552198 0.1805555 0.2015511 0.2238484 0.2785502 0.2432768 0.2216917 0.2679315 0.2484401 0.2881212 0.2091763 0.2403970 0.3056747 0.2729578 0.1876937 0.2834401 0.2784356 0.4971925 
AE                             0.2550537 0.0983892 0.1273738 0.1689133 0.1680266 0.1599295 0.2094981 0.2167547 0.2528633 0.2322575 0.2382276 0.1401400 0.1867925 0.1956232 0.2014701 0.2452681 0.0000000 0.1314419 0.2414774 0.2955976 0.2369353 0.2391723 0.2342442 0.1932278 0.0171601 0.1946940 0.0452326 0.1847309 0.1682941 0.2523763 0.1496431 0.2078831 0.1712349 0.2824473 0.1831627 0.0428097 0.4863966 
AG                             0.2175600 0.0819851 0.1008603 0.1286562 0.1773156 0.1139735 0.2047297 0.1821424 0.2123653 0.1779708 0.1935382 0.1095628 0.1962864 0.2032603 0.2003436 0.2257980 0.1314419 0.0000000 0.2130373 0.2173505 0.2165722 0.2118480 0.1841003 0.1619159 0.1404439 0.1699380 0.1467506 0.1696737 0.1275784 0.2182734 0.1242512 0.1922111 0.0932058 0.2757357 0.0771254 0.1632586 0.4932998 
cpx                            0.2026195 0.2071917 0.2135125 0.2097204 0.3096465 0.2221897 0.1832068 0.2062967 0.1895300 0.1828640 0.2124873 0.1975041 0.1129349 0.2053001 0.1998896 0.1973321 0.2414774 0.2130373 0.0000000 0.1922336 0.2026434 0.2387581 0.1851351 0.2531661 0.2406974 0.1994493 0.2597108 0.1966791 0.2227843 0.1890863 0.2181930 0.2522588 0.2270986 0.2152111 0.2731896 0.2596873 0.5277193 
DF                             0.1983520 0.2401185 0.2595845 0.2638503 0.3342827 0.3212684 0.1794969 0.2412341 0.1374892 0.0630240 0.1162196 0.2231931 0.1724549 0.2428213 0.1725165 0.2552198 0.2955976 0.2173505 0.1922336 0.0000000 0.2507094 0.1988242 0.0634720 0.2945227 0.3079002 0.2527891 0.3263382 0.2204268 0.2805806 0.1082795 0.2825964 0.2843054 0.2707076 0.2391941 0.2780502 0.3224224 0.5188540 
BC                             0.1554362 0.2254026 0.2443739 0.2193668 0.3606460 0.2248757 0.1165236 0.1036362 0.1681343 0.1982483 0.1824739 0.2288155 0.1875395 0.1839475 0.1721333 0.1805555 0.2369353 0.2165722 0.2026434 0.2507094 0.0000000 0.2053848 0.2116413 0.2972258 0.2468541 0.2147995 0.2692051 0.2319718 0.2522166 0.2135951 0.2167119 0.3081342 0.2796028 0.1581908 0.2534768 0.2634373 0.5400011 
CD                             0.1929485 0.2146776 0.2232863 0.2417338 0.3162935 0.2781893 0.1514078 0.1864490 0.0742539 0.1515872 0.1782408 0.2013100 0.2058472 0.2269997 0.1637756 0.2015511 0.2391723 0.2118480 0.2387581 0.1988242 0.2053848 0.0000000 0.1567697 0.2648240 0.2491136 0.2693117 0.2400735 0.1950554 0.2581810 0.1727058 0.2198378 0.2810728 0.2425540 0.2086773 0.2403660 0.2692403 0.4866667 
BF                             0.1799742 0.1887518 0.1837199 0.2072209 0.2761536 0.2713615 0.1403140 0.2025834 0.1308246 0.0319909 0.0811973 0.1890475 0.1413808 0.1984028 0.1465632 0.2238484 0.2342442 0.1841003 0.1851351 0.0634720 0.2116413 0.1567697 0.0000000 0.2231317 0.2439386 0.2209424 0.2475112 0.1946997 0.1970841 0.0631596 0.2368307 0.2111045 0.2364830 0.2142753 0.2431354 0.2593104 0.5063572 
BG                             0.3534433 0.1752826 0.1683542 0.1890631 0.2905403 0.2269935 0.2864366 0.2509077 0.3006978 0.2557964 0.2673395 0.0833270 0.2479248 0.2465940 0.2324281 0.2785502 0.1932278 0.1619159 0.2531661 0.2945227 0.2972258 0.2648240 0.2231317 0.0000000 0.1977156 0.2284098 0.2118311 0.2324050 0.1985222 0.2494920 0.1521524 0.2265578 0.1987337 0.2938444 0.1853339 0.2178635 0.6586792 
01B                            0.2655977 0.1003257 0.1299900 0.1725919 0.1827567 0.1702556 0.2182493 0.2257504 0.2635316 0.2419671 0.2480710 0.1431454 0.1983413 0.2002981 0.2062083 0.2432768 0.0171601 0.1404439 0.2406974 0.3079002 0.2468541 0.2491136 0.2439386 0.1977156 0.0000000 0.1899241 0.0535293 0.1890287 0.1720083 0.2472406 0.1528906 0.2127895 0.1750932 0.2858685 0.1909502 0.0456324 0.4947916 
A2D                            0.2597722 0.1382357 0.1566037 0.0662837 0.2216857 0.1955834 0.1992322 0.2126468 0.2334917 0.2187070 0.2194778 0.1830140 0.1687776 0.2107256 0.1991133 0.2216917 0.1946940 0.1699380 0.1994493 0.2527891 0.2147995 0.2693117 0.2209424 0.2284098 0.1899241 0.0000000 0.2089958 0.1664985 0.1613079 0.2093117 0.2115254 0.2215745 0.2168140 0.2323619 0.2345424 0.2092114 0.4805721 
01A1                           0.2660771 0.0948158 0.1243680 0.1826675 0.1693809 0.1810296 0.2227703 0.2506999 0.2639206 0.2620990 0.2356413 0.1518341 0.2036432 0.2051373 0.2021477 0.2679315 0.0452326 0.1467506 0.2597108 0.3263382 0.2692051 0.2400735 0.2475112 0.2118311 0.0535293 0.2089958 0.0000000 0.2002893 0.1464698 0.2618842 0.1648980 0.2048463 0.1854424 0.3174761 0.1763211 0.0713179 0.5007749 
A5U                            0.2071605 0.1463833 0.1671041 0.1450650 0.2339870 0.2260482 0.1811611 0.2263850 0.1785022 0.1941734 0.2033886 0.1694321 0.2205896 0.2317258 0.2070241 0.2484401 0.1847309 0.1696737 0.1966791 0.2204268 0.2319718 0.1950554 0.1946997 0.2324050 0.1890287 0.1664985 0.2002893 0.0000000 0.2083836 0.2343018 0.1861868 0.2112824 0.2010325 0.2123048 0.2140025 0.2009270 0.5289850 
AD                             0.2945906 0.0879244 0.0465601 0.1453872 0.1857351 0.1558641 0.2382869 0.2580483 0.2296186 0.2271545 0.2504315 0.1519705 0.2108399 0.2245817 0.2490707 0.2881212 0.1682941 0.1275784 0.2227843 0.2805806 0.2522166 0.2581810 0.1970841 0.1985222 0.1720083 0.1613079 0.1464698 0.2083836 0.0000000 0.2162223 0.1650391 0.1315973 0.1793613 0.3179302 0.1940513 0.1977127 0.5130717 
BF1                            0.2010062 0.2144651 0.2006012 0.2177521 0.3037573 0.2888178 0.1460861 0.2086276 0.1635376 0.0691691 0.1213921 0.2245850 0.1546458 0.2077743 0.1891756 0.2091763 0.2523763 0.2182734 0.1890863 0.1082795 0.2135951 0.1727058 0.0631596 0.2494920 0.2472406 0.2093117 0.2618842 0.2343018 0.2162223 0.0000000 0.2801926 0.2301985 0.2725324 0.2080436 0.2831669 0.2631364 0.4838412 
02G                            0.2785871 0.1532335 0.1587393 0.1830822 0.2535303 0.1909186 0.2169405 0.2040617 0.2447390 0.2264663 0.2302512 0.0641302 0.2249303 0.1994507 0.2200339 0.2403970 0.1496431 0.1242512 0.2181930 0.2825964 0.2167119 0.2198378 0.2368307 0.1521524 0.1528906 0.2115254 0.1648980 0.1861868 0.1650391 0.2801926 0.0000000 0.2238486 0.1863439 0.2516664 0.1457185 0.1810410 0.4968331 
A1D                            0.2921581 0.1469273 0.0940899 0.1672788 0.2372596 0.1893196 0.2452263 0.2785395 0.2550752 0.2393089 0.2596771 0.2040502 0.2466181 0.2585904 0.2730364 0.3056747 0.2078831 0.1922111 0.2522588 0.2843054 0.3081342 0.2810728 0.2111045 0.2265578 0.2127895 0.2215745 0.2048463 0.2112824 0.1315973 0.2301985 0.2238486 0.0000000 0.2014834 0.3007223 0.2225705 0.2330496 0.5305506 
02A                            0.2631704 0.1206168 0.1388951 0.1743131 0.1976620 0.0941253 0.2286588 0.2563923 0.2411535 0.2479484 0.2376419 0.1555639 0.2013364 0.2394463 0.2368138 0.2729578 0.1712349 0.0932058 0.2270986 0.2707076 0.2796028 0.2425540 0.2364830 0.1987337 0.1750932 0.2168140 0.1854424 0.2010325 0.1793613 0.2725324 0.1863439 0.2014834 0.0000000 0.3148822 0.1541390 0.1828093 0.5478363 
C2U                            0.2428505 0.2799659 0.2820495 0.2387624 0.4072790 0.2963436 0.1913456 0.1230513 0.2043069 0.2164960 0.2084943 0.2230321 0.1809928 0.1932934 0.1497677 0.1876937 0.2824473 0.2757357 0.2152111 0.2391941 0.1581908 0.2086773 0.2142753 0.2938444 0.2858685 0.2323619 0.3174761 0.2123048 0.3179302 0.2080436 0.2516664 0.3007223 0.3148822 0.0000000 0.3170556 0.2922067 0.4859518 
02B                            0.2776942 0.1502750 0.1540838 0.2050414 0.2519755 0.2102176 0.2514872 0.2294396 0.2604051 0.2513945 0.2375060 0.1495700 0.2614832 0.2416926 0.2358354 0.2834401 0.1831627 0.0771254 0.2731896 0.2780502 0.2534768 0.2403660 0.2431354 0.1853339 0.1909502 0.2345424 0.1763211 0.2140025 0.1940513 0.2831669 0.1457185 0.2225705 0.1541390 0.3170556 0.0000000 0.2146368 0.5048028 
01C                            0.2917435 0.1201714 0.1518835 0.1976532 0.1884851 0.1794551 0.2413134 0.2444745 0.2894861 0.2531977 0.2636689 0.1735762 0.2083008 0.2366046 0.2129843 0.2784356 0.0428097 0.1632586 0.2596873 0.3224224 0.2634373 0.2692403 0.2593104 0.2178635 0.0456324 0.2092114 0.0713179 0.2009270 0.1977127 0.2631364 0.1810410 0.2330496 0.1828093 0.2922067 0.2146368 0.0000000 0.4917907 
CPZ                            0.5585267 0.4928139 0.4965572 0.5494581 0.5483242 0.5842668 0.5027043 0.4820950 0.4924860 0.5270053 0.5262361 0.5448256 0.5424937 0.5304656 0.5192950 0.4971925 0.4863966 0.4932998 0.5277193 0.5188540 0.5400011 0.4866667 0.5063572 0.6586792 0.4947916 0.4805721 0.5007749 0.5289850 0.5130717 0.4838412 0.4968331 0.5305506 0.5478363 0.4859518 0.5048028 0.4917907 0.0000000 
