37
B.FR.83.HXBLAI_IIIB_BRU.K03455 0.0000000 0.1397189 0.1654157 0.1425718 0.1819299 0.1662710 0.0327587 0.1134474 0.0651601 0.1446704 0.0902490 0.1825907 0.1458893 0.1471061 0.1248083 0.1332618 0.1633966 0.1385170 0.1513569 0.0791966 0.1464916 0.0890446 0.1289719 0.1683206 0.1600018 0.1544481 0.1686365 0.1490243 0.1916607 0.1350917 0.1376940 0.1956974 0.1829223 0.1275389 0.0914737 0.1870868 0.5462448 
A                              0.1397189 0.0000000 0.0283698 0.1035976 0.0479556 0.0534131 0.1144717 0.1597155 0.1441446 0.1791085 0.1073959 0.1691444 0.1787445 0.1945732 0.1510073 0.1790345 0.0477911 0.0212955 0.1786812 0.1312395 0.1875806 0.1543430 0.1649508 0.1879216 0.0403959 0.1024507 0.0235395 0.0835667 0.0606218 0.1864541 0.0403554 0.0695415 0.0727036 0.1487415 0.1089963 0.0672887 0.6430104 
A1                             0.1654157 0.0283698 0.0000000 0.1133592 0.0611144 0.0782244 0.1380991 0.1590211 0.1673951 0.1928920 0.1311287 0.2042627 0.2077846 0.1827057 0.1588535 0.1753152 0.0772793 0.0419761 0.1672676 0.1555626 0.1861738 0.1722996 0.1935701 0.2120547 0.0690495 0.1120596 0.0476978 0.1089615 0.0536471 0.2157558 0.0628687 0.0492513 0.0934951 0.1496373 0.1263353 0.0935933 0.6999289 
A2                             0.1425718 0.1035976 0.1133592 0.0000000 0.1448134 0.1264876 0.1109040 0.1141472 0.1293576 0.1432085 0.0999494 0.1656361 0.1286113 0.1408478 0.1155140 0.1568286 0.1263666 0.1088171 0.1435345 0.1055828 0.1366922 0.1534735 0.1312684 0.1841307 0.1233100 0.0305343 0.1037476 0.0994780 0.1427629 0.1541740 0.1365579 0.1522710 0.1419266 0.1317871 0.1634558 0.1259996 0.5912438 
A3                             0.1819299 0.0479556 0.0611144 0.1448134 0.0000000 0.0953273 0.1461998 0.1865131 0.1769263 0.2118337 0.1367830 0.2173229 0.2075457 0.2141263 0.1895957 0.2341794 0.0847379 0.0578314 0.2064122 0.1689898 0.2246096 0.2009826 0.1917225 0.2291203 0.0820004 0.1452877 0.0690305 0.1274845 0.1042836 0.2241992 0.0865240 0.1090432 0.1037016 0.2001722 0.1488826 0.0983414 0.6937016 
A6                             0.1662710 0.0534131 0.0782244 0.1264876 0.0953273 0.0000000 0.1284583 0.1549467 0.1644512 0.2007986 0.1340329 0.2118803 0.2147946 0.1987522 0.1535338 0.2255970 0.0854325 0.0582169 0.2413377 0.1645510 0.1977339 0.1678088 0.1776649 0.2112741 0.0826608 0.1249750 0.0640611 0.1124415 0.0929993 0.2071160 0.0746691 0.1037455 0.0466842 0.1936163 0.1558071 0.1086231 0.6536962 
B                              0.0327587 0.1144717 0.1380991 0.1109040 0.1461998 0.1284583 0.0000000 0.0842743 0.0434092 0.1174176 0.0637275 0.1470241 0.1189717 0.1408737 0.0880677 0.1248834 0.1292700 0.0950841 0.1304799 0.0697082 0.1200008 0.0704252 0.1033196 0.1390677 0.1327981 0.1221736 0.1343418 0.1225910 0.1485386 0.1157343 0.0996651 0.1693599 0.1397269 0.1029663 0.0733172 0.1429375 0.5908553 
C                              0.1134474 0.1597155 0.1590211 0.1141472 0.1865131 0.1549467 0.0842743 0.0000000 0.1099499 0.1444757 0.1006763 0.1666311 0.1217598 0.1492689 0.1080813 0.1353765 0.1699242 0.1441083 0.1591513 0.1134505 0.0482972 0.0834439 0.1292356 0.1621541 0.1739257 0.1325652 0.1750849 0.1560411 0.1809795 0.1445556 0.1587467 0.1884702 0.1723721 0.0713951 0.1574111 0.1649464 0.6407481 
D                              0.0651601 0.1441446 0.1673951 0.1293576 0.1769263 0.1644512 0.0434092 0.1099499 0.0000000 0.1469167 0.0809847 0.1988733 0.1586283 0.1321634 0.1255158 0.1600374 0.1627809 0.1322903 0.1422622 0.0810374 0.1475622 0.0482331 0.1368767 0.1944503 0.1629814 0.1345943 0.1721525 0.1540349 0.1991492 0.1509648 0.1569350 0.1994921 0.2021270 0.1157044 0.1116793 0.1714519 0.6760434 
F1                             0.1446704 0.1791085 0.1928920 0.1432085 0.2118337 0.2007986 0.1174176 0.1444757 0.1469167 0.0000000 0.0832914 0.2007544 0.1608058 0.2236844 0.1111525 0.1793099 0.2018886 0.1695717 0.1308614 0.1074568 0.1988448 0.1577095 0.0281238 0.1774039 0.2064135 0.1512162 0.1881764 0.1856959 0.2320839 0.0381017 0.1780450 0.2335521 0.2068277 0.1570397 0.1607724 0.2047401 0.6898494 
F2                             0.0902490 0.1073959 0.1311287 0.0999494 0.1367830 0.1340329 0.0637275 0.1006763 0.0809847 0.0832914 0.0000000 0.1347222 0.1090538 0.1397278 0.0851143 0.1428049 0.1113859 0.1002333 0.0970154 0.0664871 0.1332146 0.0908937 0.0838718 0.1379987 0.1148088 0.1112367 0.1075704 0.1177951 0.1559496 0.0894539 0.1283245 0.1626396 0.1529206 0.1084656 0.1078280 0.1242494 0.5966224 
G                              0.1825907 0.1691444 0.2042627 0.1656361 0.2173229 0.2118803 0.1470241 0.1666311 0.1988733 0.2007544 0.1347222 0.0000000 0.1415599 0.2333061 0.1566332 0.2154241 0.1996411 0.1697836 0.1881805 0.1697835 0.2551153 0.1924104 0.1734331 0.0473923 0.2041956 0.1691881 0.1827356 0.1630699 0.2350664 0.1882423 0.1821362 0.2502275 0.2230857 0.1751952 0.2058746 0.1736316 0.6291143 
H                              0.1458893 0.1787445 0.2077846 0.1286113 0.2075457 0.2147946 0.1189717 0.1217598 0.1586283 0.1608058 0.1090538 0.1415599 0.0000000 0.1519012 0.1247198 0.1793969 0.1842301 0.1695862 0.1727943 0.1507783 0.1548175 0.1699366 0.1515705 0.1532934 0.1806146 0.1449924 0.1951847 0.1594640 0.2284594 0.1657392 0.1700771 0.2424466 0.2107070 0.1283830 0.1539985 0.2019848 0.5862072 
J                              0.1471061 0.1945732 0.1827057 0.1408478 0.2141263 0.1987522 0.1408737 0.1492689 0.1321634 0.2236844 0.1397278 0.2333061 0.1519012 0.0000000 0.1673867 0.1516185 0.1702610 0.1943345 0.2063400 0.1422775 0.1676626 0.1529607 0.2109408 0.2191094 0.1666826 0.1462716 0.1836736 0.1974101 0.2171237 0.2265736 0.2196155 0.2138008 0.2323320 0.1521225 0.1852140 0.1874360 0.5633104 
K                              0.1248083 0.1510073 0.1588535 0.1155140 0.1895957 0.1535338 0.0880677 0.1080813 0.1255158 0.1111525 0.0851143 0.1566332 0.1247198 0.1673867 0.0000000 0.1299888 0.1610233 0.1400918 0.0941463 0.1090602 0.1444894 0.1213508 0.1005617 0.1467954 0.1650370 0.1412232 0.1589149 0.1662448 0.1626828 0.1274558 0.1474384 0.1850676 0.1636116 0.1275274 0.1408917 0.1585946 0.5525876 
L                              0.1332618 0.1790345 0.1753152 0.1568286 0.2341794 0.2255970 0.1248834 0.1353765 0.1600374 0.1793099 0.1428049 0.2154241 0.1793969 0.1516185 0.1299888 0.0000000 0.2317997 0.1830252 0.1560122 0.1608326 0.1646433 0.1493168 0.1800852 0.1894287 0.2188254 0.1702426 0.1939125 0.1812157 0.2385334 0.2064886 0.1944004 0.2288051 0.2393225 0.1162106 0.1640817 0.2419861 0.6124607 
AE                             0.1633966 0.0477911 0.0772793 0.1263666 0.0847379 0.0854325 0.1292700 0.1699242 0.1627809 0.2018886 0.1113859 0.1996411 0.1842301 0.1702610 0.1610233 0.2317997 0.0000000 0.0576166 0.1787995 0.1536090 0.2027547 0.1740659 0.1756466 0.1952812 0.0060945 0.1313096 0.0523296 0.1355289 0.0917655 0.2058738 0.0803658 0.1022354 0.1069750 0.1751049 0.1453855 0.0235412 0.6124408 
AG                             0.1385170 0.0212955 0.0419761 0.1088171 0.0578314 0.0582169 0.0950841 0.1441083 0.1322903 0.1695717 0.1002333 0.1697836 0.1695862 0.1943345 0.1400918 0.1830252 0.0576166 0.0000000 0.1659977 0.1340828 0.1806967 0.1419318 0.1486085 0.1784289 0.0550970 0.1076019 0.0398533 0.0893171 0.0543735 0.1771669 0.0256659 0.0736282 0.0721295 0.1487722 0.0929849 0.0722796 0.6837791 
cpx                            0.1513569 0.1786812 0.1672676 0.1435345 0.2064122 0.2413377 0.1304799 0.1591513 0.1422622 0.1308614 0.0970154 0.1881805 0.1727943 0.2063400 0.0941463 0.1560122 0.1787995 0.1659977 0.0000000 0.1246441 0.1756285 0.1667359 0.1356866 0.1803020 0.1751206 0.1669230 0.1932348 0.2112908 0.1972617 0.1648832 0.1774422 0.2016518 0.2253587 0.1535408 0.1602405 0.1927045 0.6520342 
DF                             0.0791966 0.1312395 0.1555626 0.1055828 0.1689898 0.1645510 0.0697082 0.1134505 0.0810374 0.1074568 0.0664871 0.1697835 0.1507783 0.1422775 0.1090602 0.1608326 0.1536090 0.1340828 0.1246441 0.0000000 0.1288188 0.0909566 0.0970192 0.1689299 0.1503240 0.1105478 0.1447667 0.1260735 0.1808431 0.1027696 0.1469652 0.1957874 0.1770783 0.1204512 0.1415118 0.1612107 0.6125168 
BC                             0.1464916 0.1875806 0.1861738 0.1366922 0.2246096 0.1977339 0.1200008 0.0482972 0.1475622 0.1988448 0.1332146 0.2551153 0.1548175 0.1676626 0.1444894 0.1646433 0.2027547 0.1806967 0.1756285 0.1288188 0.0000000 0.1213479 0.1801826 0.2152633 0.1911814 0.1490563 0.1921855 0.1867926 0.2091163 0.1809149 0.1941452 0.2096952 0.2096413 0.1165954 0.1730717 0.2213123 0.7079558 
CD                             0.0890446 0.1543430 0.1722996 0.1534735 0.2009826 0.1678088 0.0704252 0.0834439 0.0482331 0.1577095 0.0908937 0.1924104 0.1699366 0.1529607 0.1213508 0.1493168 0.1740659 0.1419318 0.1667359 0.0909566 0.1213479 0.0000000 0.1553212 0.1842427 0.1742843 0.1587292 0.1861388 0.1493682 0.1998624 0.1619418 0.1600927 0.1961618 0.1980800 0.1092347 0.1476919 0.1795938 0.6476644 
BF                             0.1289719 0.1649508 0.1935701 0.1312684 0.1917225 0.1776649 0.1033196 0.1292356 0.1368767 0.0281238 0.0838718 0.1734331 0.1515705 0.2109408 0.1005617 0.1800852 0.1756466 0.1486085 0.1356866 0.0970192 0.1801826 0.1553212 0.0000000 0.1678855 0.1798370 0.1320619 0.1733182 0.1748502 0.2060441 0.0235756 0.1563843 0.2151812 0.1797100 0.1481122 0.1512521 0.1783718 0.6535908 
BG                             0.1683206 0.1879216 0.2120547 0.1841307 0.2291203 0.2112741 0.1390677 0.1621541 0.1944503 0.1774039 0.1379987 0.0473923 0.1532934 0.2191094 0.1467954 0.1894287 0.1952812 0.1784289 0.1803020 0.1689299 0.2152633 0.1842427 0.1678855 0.0000000 0.1996275 0.1814973 0.1846403 0.1617672 0.2248840 0.1741170 0.1907161 0.2252331 0.2218261 0.1685660 0.1923933 0.1873579 0.6028250 
01B                            0.1600018 0.0403959 0.0690495 0.1233100 0.0820004 0.0826608 0.1327981 0.1739257 0.1629814 0.2064135 0.1148088 0.2041956 0.1806146 0.1666826 0.1650370 0.2188254 0.0060945 0.0550970 0.1751206 0.1503240 0.1911814 0.1742843 0.1798370 0.1996275 0.0000000 0.1218516 0.0448816 0.1256207 0.0889353 0.2101876 0.0720140 0.0992770 0.1102295 0.1714743 0.1348241 0.0304412 0.5919870 
A2D                            0.1544481 0.1024507 0.1120596 0.0305343 0.1452877 0.1249750 0.1221736 0.1325652 0.1345943 0.1512162 0.1112367 0.1691881 0.1449924 0.1462716 0.1412232 0.1702426 0.1313096 0.1076019 0.1669230 0.1105478 0.1490563 0.1587292 0.1320619 0.1814973 0.1218516 0.0000000 0.1086696 0.1067824 0.1476595 0.1521481 0.1219507 0.1301033 0.1424564 0.1168328 0.1538795 0.1310657 0.6021102 
01A1                           0.1686365 0.0235395 0.0476978 0.1037476 0.0690305 0.0640611 0.1343418 0.1750849 0.1721525 0.1881764 0.1075704 0.1827356 0.1951847 0.1836736 0.1589149 0.1939125 0.0523296 0.0398533 0.1932348 0.1447667 0.1921855 0.1861388 0.1733182 0.1846403 0.0448816 0.1086696 0.0000000 0.0871851 0.0659711 0.1952026 0.0607427 0.0866876 0.0842623 0.1727545 0.1244722 0.0665468 0.6676151 
A5U                            0.1490243 0.0835667 0.1089615 0.0994780 0.1274845 0.1124415 0.1225910 0.1560411 0.1540349 0.1856959 0.1177951 0.1630699 0.1594640 0.1974101 0.1662448 0.1812157 0.1355289 0.0893171 0.2112908 0.1260735 0.1867926 0.1493682 0.1748502 0.1617672 0.1256207 0.1067824 0.0871851 0.0000000 0.1456914 0.1965967 0.1061918 0.1590963 0.1254370 0.1524196 0.1556212 0.1424351 0.6229723 
AD                             0.1916607 0.0606218 0.0536471 0.1427629 0.1042836 0.0929993 0.1485386 0.1809795 0.1991492 0.2320839 0.1559496 0.2350664 0.2284594 0.2171237 0.1626828 0.2385334 0.0917655 0.0543735 0.1972617 0.1808431 0.2091163 0.1998624 0.2060441 0.2248840 0.0889353 0.1476595 0.0659711 0.1456914 0.0000000 0.2284021 0.0764750 0.0543061 0.1028223 0.1938034 0.1415765 0.1156219 0.6753982 
BF1                            0.1350917 0.1864541 0.2157558 0.1541740 0.2241992 0.2071160 0.1157343 0.1445556 0.1509648 0.0381017 0.0894539 0.1882423 0.1657392 0.2265736 0.1274558 0.2064886 0.2058738 0.1771669 0.1648832 0.1027696 0.1809149 0.1619418 0.0235756 0.1741170 0.2101876 0.1521481 0.1952026 0.1965967 0.2284021 0.0000000 0.1853059 0.2382252 0.2132356 0.1643289 0.1739368 0.2085826 0.6992761 
02G                            0.1376940 0.0403554 0.0628687 0.1365579 0.0865240 0.0746691 0.0996651 0.1587467 0.1569350 0.1780450 0.1283245 0.1821362 0.1700771 0.2196155 0.1474384 0.1944004 0.0803658 0.0256659 0.1774422 0.1469652 0.1941452 0.1600927 0.1563843 0.1907161 0.0720140 0.1219507 0.0607427 0.1061918 0.0764750 0.1853059 0.0000000 0.0979480 0.0722846 0.1592763 0.0945597 0.0909108 0.6550447 
A1D                            0.1956974 0.0695415 0.0492513 0.1522710 0.1090432 0.1037455 0.1693599 0.1884702 0.1994921 0.2335521 0.1626396 0.2502275 0.2424466 0.2138008 0.1850676 0.2288051 0.1022354 0.0736282 0.2016518 0.1957874 0.2096952 0.1961618 0.2151812 0.2252331 0.0992770 0.1301033 0.0866876 0.1590963 0.0543061 0.2382252 0.0979480 0.0000000 0.1141918 0.1824047 0.1656327 0.1275319 0.6953476 
02A                            0.1829223 0.0727036 0.0934951 0.1419266 0.1037016 0.0466842 0.1397269 0.1723721 0.2021270 0.2068277 0.1529206 0.2230857 0.2107070 0.2323320 0.1636116 0.2393225 0.1069750 0.0721295 0.2253587 0.1770783 0.2096413 0.1980800 0.1797100 0.2218261 0.1102295 0.1424564 0.0842623 0.1254370 0.1028223 0.2132356 0.0722846 0.1141918 0.0000000 0.1892706 0.1612425 0.1190904 0.6567059 
C2U                            0.1275389 0.1487415 0.1496373 0.1317871 0.2001722 0.1936163 0.1029663 0.0713951 0.1157044 0.1570397 0.1084656 0.1751952 0.1283830 0.1521225 0.1275274 0.1162106 0.1751049 0.1487722 0.1535408 0.1204512 0.1165954 0.1092347 0.1481122 0.1685660 0.1714743 0.1168328 0.1727545 0.1524196 0.1938034 0.1643289 0.1592763 0.1824047 0.1892706 0.0000000 0.1377458 0.1829634 0.6265975 
02B                            0.0914737 0.1089963 0.1263353 0.1634558 0.1488826 0.1558071 0.0733172 0.1574111 0.1116793 0.1607724 0.1078280 0.2058746 0.1539985 0.1852140 0.1408917 0.1640817 0.1453855 0.0929849 0.1602405 0.1415118 0.1730717 0.1476919 0.1512521 0.1923933 0.1348241 0.1538795 0.1244722 0.1556212 0.1415765 0.1739368 0.0945597 0.1656327 0.1612425 0.1377458 0.0000000 0.1607366 0.6533867 
01C                            0.1870868 0.0672887 0.0935933 0.1259996 0.0983414 0.1086231 0.1429375 0.1649464 0.1714519 0.2047401 0.1242494 0.1736316 0.2019848 0.1874360 0.1585946 0.2419861 0.0235412 0.0722796 0.1927045 0.1612107 0.2213123 0.1795938 0.1783718 0.1873579 0.0304412 0.1310657 0.0665468 0.1424351 0.1156219 0.2085826 0.0909108 0.1275319 0.1190904 0.1829634 0.1607366 0.0000000 0.6245495 
CPZ                            0.5462448 0.6430104 0.6999289 0.5912438 0.6937016 0.6536962 0.5908553 0.6407481 0.6760434 0.6898494 0.5966224 0.6291143 0.5862072 0.5633104 0.5525876 0.6124607 0.6124408 0.6837791 0.6520342 0.6125168 0.7079558 0.6476644 0.6535908 0.6028250 0.5919870 0.6021102 0.6676151 0.6229723 0.6753982 0.6992761 0.6550447 0.6953476 0.6567059 0.6265975 0.6533867 0.6245495 0.0000000 
