37
B.FR.83.HXBLAI_IIIB_BRU.K03455 0.0000000 0.2533738 0.2685675 0.2564206 0.3066100 0.2632277 0.0467066 0.3087633 0.1324321 0.2399400 0.2180231 0.2380386 0.2826708 0.2311119 0.2856532 0.2325934 0.2824228 0.2652048 0.2904514 0.2016855 0.1416769 0.2631476 0.1646359 0.2344147 0.2886965 0.2141904 0.2428385 0.2431050 0.2978059 0.2723196 0.2764727 0.2908229 0.2842408 0.2816704 0.2973286 0.2907968 0.4137171 
A                              0.2533738 0.0000000 0.0397574 0.1142567 0.0888043 0.1009753 0.2124049 0.2668585 0.1987657 0.2268374 0.2209859 0.1121393 0.2302214 0.2309986 0.2819269 0.2303795 0.0707956 0.1002851 0.0781509 0.1825701 0.2373139 0.3147264 0.2115105 0.1288966 0.0760273 0.1572878 0.0669482 0.0929223 0.1211520 0.2346594 0.1170874 0.2130855 0.1322500 0.2550505 0.1318437 0.0900361 0.4106602 
A1                             0.2685675 0.0397574 0.0000000 0.1353424 0.0921390 0.1019305 0.2255520 0.2674117 0.1756348 0.2316218 0.2244722 0.1525599 0.2307584 0.2331668 0.2710483 0.2301005 0.0919858 0.1215889 0.1223392 0.1794740 0.2457129 0.3042975 0.2129912 0.1723852 0.0976325 0.1605791 0.0898099 0.1049525 0.0796058 0.2302623 0.1444685 0.1607017 0.1425995 0.2396684 0.1585012 0.1263321 0.4350241 
A2                             0.2564206 0.1142567 0.1353424 0.0000000 0.1466779 0.1785959 0.2367413 0.3120379 0.2181625 0.2614783 0.2147341 0.1761317 0.2437787 0.2593665 0.2871978 0.2304383 0.1851124 0.1935980 0.1754444 0.2075499 0.2480690 0.3567024 0.2266192 0.1944797 0.1921376 0.1255841 0.1634599 0.1335462 0.1972295 0.2664840 0.2045769 0.2906741 0.1954381 0.2686355 0.2099776 0.2022948 0.4709829 
A3                             0.3066100 0.0888043 0.0921390 0.1466779 0.0000000 0.1792242 0.2599335 0.3048966 0.2590987 0.3076236 0.2943466 0.1722194 0.3031081 0.3192371 0.3348341 0.2603871 0.1253664 0.1573144 0.1559754 0.2567430 0.2724924 0.3693279 0.2730595 0.1833708 0.1254383 0.1953065 0.1198916 0.1469758 0.1224268 0.3180827 0.1851151 0.2732052 0.1734436 0.3078552 0.1852747 0.1636775 0.4411470 
A6                             0.2632277 0.1009753 0.1019305 0.1785959 0.1792242 0.0000000 0.2251956 0.3150745 0.2269325 0.3048913 0.2736220 0.1853666 0.2427196 0.2228924 0.3132825 0.2646367 0.1173915 0.1640113 0.1563501 0.2506804 0.2335373 0.3558027 0.2400165 0.2082108 0.1233461 0.2091803 0.1177719 0.1569353 0.2132175 0.3257828 0.1544893 0.2469466 0.1680630 0.2783953 0.1943093 0.1351737 0.4192078 
B                              0.0467066 0.2124049 0.2255520 0.2367413 0.2599335 0.2251956 0.0000000 0.2686812 0.1024172 0.2203556 0.2082712 0.2126557 0.2675279 0.1827401 0.2531035 0.2311000 0.2520105 0.2393433 0.2448493 0.1576209 0.1091947 0.2737556 0.1232098 0.2175607 0.2578760 0.1852831 0.2091207 0.2228182 0.2524566 0.2438438 0.2458334 0.2776573 0.2491116 0.2596893 0.2659715 0.2599554 0.3754887 
C                              0.3087633 0.2668585 0.2674117 0.3120379 0.3048966 0.3150745 0.2686812 0.0000000 0.2401289 0.2980100 0.3113813 0.3332358 0.2427317 0.2887650 0.2595970 0.2619784 0.3366329 0.3859946 0.3051630 0.2863358 0.2181832 0.1038021 0.2897564 0.3616168 0.3465072 0.2705442 0.3038606 0.2716295 0.3063550 0.3050814 0.3593473 0.3610329 0.3928354 0.2051186 0.3998369 0.3549631 0.4306500 
D                              0.1324321 0.1987657 0.1756348 0.2181625 0.2590987 0.2269325 0.1024172 0.2401289 0.0000000 0.2023494 0.1793218 0.2082588 0.2457168 0.1981429 0.2214044 0.2434766 0.2381451 0.2424903 0.2192359 0.1254488 0.1670101 0.1895359 0.1479509 0.2249679 0.2460128 0.1352867 0.2045045 0.2183109 0.2067401 0.2054461 0.2668135 0.2068611 0.2371901 0.2418363 0.2682703 0.2534952 0.4327434 
F1                             0.2399400 0.2268374 0.2316218 0.2614783 0.3076236 0.3048913 0.2203556 0.2980100 0.2023494 0.0000000 0.1105161 0.2634206 0.2370487 0.2451579 0.2279297 0.2446396 0.3017454 0.2724625 0.2858212 0.1361507 0.2914494 0.3142964 0.0955629 0.2687264 0.2928389 0.2658928 0.2785014 0.2448812 0.2722231 0.0433962 0.3029359 0.3134063 0.3083316 0.2884769 0.3238852 0.3435404 0.4938852 
F2                             0.2180231 0.2209859 0.2244722 0.2147341 0.2943466 0.2736220 0.2082712 0.3113813 0.1793218 0.1105161 0.0000000 0.2443720 0.2599681 0.2173595 0.2397156 0.2401862 0.2651215 0.2694293 0.2613467 0.1602051 0.2574592 0.3214881 0.1522170 0.2384311 0.2569527 0.2408320 0.2464093 0.2282609 0.2595643 0.1260268 0.2859899 0.2913664 0.3028540 0.2802173 0.3065287 0.2971728 0.4375566 
G                              0.2380386 0.1121393 0.1525599 0.1761317 0.1722194 0.1853666 0.2126557 0.3332358 0.2082588 0.2634206 0.2443720 0.0000000 0.2588092 0.2216908 0.2987761 0.2517157 0.1474479 0.1243349 0.1430725 0.2117109 0.2690212 0.3203710 0.2269751 0.0362260 0.1475328 0.1603013 0.1317320 0.1508241 0.2087262 0.2890101 0.1537585 0.2919886 0.1494120 0.2802488 0.1478956 0.1719729 0.3940631 
H                              0.2826708 0.2302214 0.2307584 0.2437787 0.3031081 0.2427196 0.2675279 0.2427317 0.2457168 0.2370487 0.2599681 0.2588092 0.0000000 0.2143556 0.2217037 0.2189710 0.2735852 0.2627820 0.2744542 0.2007484 0.3255587 0.2790805 0.2737974 0.2598722 0.2824755 0.2253132 0.2629622 0.2764106 0.3124862 0.2554077 0.2645551 0.2771179 0.2664049 0.2543270 0.3016634 0.2950610 0.4122622 
J                              0.2311119 0.2309986 0.2331668 0.2593665 0.3192371 0.2228924 0.1827401 0.2887650 0.1981429 0.2451579 0.2173595 0.2216908 0.2143556 0.0000000 0.1638004 0.2488821 0.2125790 0.2767503 0.2550039 0.1921241 0.2665637 0.3119010 0.1928042 0.2344281 0.2199997 0.2030681 0.2117968 0.2079692 0.2977385 0.2868943 0.2683183 0.3006808 0.2839133 0.3219643 0.3249878 0.2335905 0.4132628 
K                              0.2856532 0.2819269 0.2710483 0.2871978 0.3348341 0.3132825 0.2531035 0.2595970 0.2214044 0.2279297 0.2397156 0.2987761 0.2217037 0.1638004 0.0000000 0.2688340 0.3024192 0.3207749 0.3163928 0.1890495 0.3172080 0.2736513 0.2460898 0.3017276 0.3114147 0.2585504 0.2853333 0.2652299 0.3566001 0.2483074 0.3213698 0.3156256 0.3444504 0.2506028 0.3693639 0.3218500 0.4759674 
L                              0.2325934 0.2303795 0.2301005 0.2304383 0.2603871 0.2646367 0.2311000 0.2619784 0.2434766 0.2446396 0.2401862 0.2517157 0.2189710 0.2488821 0.2688340 0.0000000 0.2737565 0.2978265 0.2662597 0.2007600 0.2518268 0.2828826 0.2722097 0.2532879 0.2739182 0.2499573 0.2362866 0.2447285 0.2735239 0.2420750 0.2939724 0.3027398 0.2860897 0.2243300 0.3012261 0.2974786 0.4061783 
AE                             0.2824228 0.0707956 0.0919858 0.1851124 0.1253664 0.1173915 0.2520105 0.3366329 0.2381451 0.3017454 0.2651215 0.1474479 0.2735852 0.2125790 0.3024192 0.2737565 0.0000000 0.1243311 0.0793870 0.2423951 0.2766790 0.3584252 0.2607859 0.1512802 0.0040857 0.1781388 0.0402472 0.1379710 0.1751984 0.3361237 0.1322845 0.2678080 0.1563593 0.3058419 0.1649041 0.0302249 0.4334753 
AG                             0.2652048 0.1002851 0.1215889 0.1935980 0.1573144 0.1640113 0.2393433 0.3859946 0.2424903 0.2724625 0.2694293 0.1243349 0.2627820 0.2767503 0.3207749 0.2978265 0.1243311 0.0000000 0.1893892 0.2445185 0.2621872 0.3912850 0.2354357 0.1297588 0.1184699 0.1836363 0.1353537 0.1470662 0.1753032 0.2932625 0.0484143 0.2604412 0.0528548 0.3325829 0.0458183 0.1402119 0.4902728 
cpx                            0.2904514 0.0781509 0.1223392 0.1754444 0.1559754 0.1563501 0.2448493 0.3051630 0.2192359 0.2858212 0.2613467 0.1430725 0.2744542 0.2550039 0.3163928 0.2662597 0.0793870 0.1893892 0.0000000 0.2124678 0.2776097 0.3373812 0.2369923 0.1507793 0.0847664 0.1969441 0.0597485 0.1743844 0.1859101 0.2957719 0.2057552 0.2636593 0.2294493 0.2934482 0.1970093 0.1017691 0.4455712 
DF                             0.2016855 0.1825701 0.1794740 0.2075499 0.2567430 0.2506804 0.1576209 0.2863358 0.1254488 0.1361507 0.1602051 0.2117109 0.2007484 0.1921241 0.1890495 0.2007600 0.2423951 0.2445185 0.2124678 0.0000000 0.2266205 0.2987063 0.1767483 0.2168113 0.2425386 0.1930924 0.2053075 0.1845331 0.2506766 0.1538747 0.2682563 0.2621808 0.2528417 0.2596388 0.2742500 0.2679068 0.4403699 
BC                             0.1416769 0.2373139 0.2457129 0.2480690 0.2724924 0.2335373 0.1091947 0.2181832 0.1670101 0.2914494 0.2574592 0.2690212 0.3255587 0.2665637 0.3172080 0.2518268 0.2766790 0.2621872 0.2776097 0.2266205 0.0000000 0.2641144 0.2022928 0.2530669 0.2852021 0.2342688 0.2357614 0.2508277 0.2822873 0.3061430 0.2830424 0.3349242 0.2509437 0.2368375 0.2778710 0.2724110 0.3872547 
CD                             0.2631476 0.3147264 0.3042975 0.3567024 0.3693279 0.3558027 0.2737556 0.1038021 0.1895359 0.3142964 0.3214881 0.3203710 0.2790805 0.3119010 0.2736513 0.2828826 0.3584252 0.3912850 0.3373812 0.2987063 0.2641144 0.0000000 0.2953032 0.3563218 0.3683787 0.2627310 0.3264322 0.3263458 0.3118086 0.3098951 0.3958963 0.3590043 0.4236402 0.2307150 0.4384525 0.3675113 0.4957732 
BF                             0.1646359 0.2115105 0.2129912 0.2266192 0.2730595 0.2400165 0.1232098 0.2897564 0.1479509 0.0955629 0.1522170 0.2269751 0.2737974 0.1928042 0.2460898 0.2722097 0.2607859 0.2354357 0.2369923 0.1767483 0.2022928 0.2953032 0.0000000 0.2236313 0.2583844 0.2268630 0.2269477 0.2355319 0.2456526 0.1132228 0.2782637 0.2777673 0.2796535 0.3073939 0.2821784 0.2910652 0.4765379 
BG                             0.2344147 0.1288966 0.1723852 0.1944797 0.1833708 0.2082108 0.2175607 0.3616168 0.2249679 0.2687264 0.2384311 0.0362260 0.2598722 0.2344281 0.3017276 0.2532879 0.1512802 0.1297588 0.1507793 0.2168113 0.2530669 0.3563218 0.2236313 0.0000000 0.1513690 0.1711374 0.1372500 0.1609558 0.2169995 0.3023225 0.1603467 0.3020086 0.1620650 0.3186179 0.1604647 0.1696917 0.4170956 
01B                            0.2886965 0.0760273 0.0976325 0.1921376 0.1254383 0.1233461 0.2578760 0.3465072 0.2460128 0.2928389 0.2569527 0.1475328 0.2824755 0.2199997 0.3114147 0.2739182 0.0040857 0.1184699 0.0847664 0.2425386 0.2852021 0.3683787 0.2583844 0.1513690 0.0000000 0.1849294 0.0450158 0.1380489 0.1751549 0.3266451 0.1262566 0.2762935 0.1564479 0.3150436 0.1584202 0.0347679 0.4337057 
A2D                            0.2141904 0.1572878 0.1605791 0.1255841 0.1953065 0.2091803 0.1852831 0.2705442 0.1352867 0.2658928 0.2408320 0.1603013 0.2253132 0.2030681 0.2585504 0.2499573 0.1781388 0.1836363 0.1969441 0.1930924 0.2342688 0.2627310 0.2268630 0.1711374 0.1849294 0.0000000 0.1799719 0.1478820 0.1998900 0.2886510 0.1852537 0.2906863 0.1900080 0.2486058 0.2034060 0.1975152 0.4061365 
01A1                           0.2428385 0.0669482 0.0898099 0.1634599 0.1198916 0.1177719 0.2091207 0.3038606 0.2045045 0.2785014 0.2464093 0.1317320 0.2629622 0.2117968 0.2853333 0.2362866 0.0402472 0.1353537 0.0597485 0.2053075 0.2357614 0.3264322 0.2269477 0.1372500 0.0450158 0.1799719 0.0000000 0.1314596 0.1604870 0.2972783 0.1604375 0.2399610 0.1642946 0.3055146 0.1632108 0.0700517 0.4413001 
A5U                            0.2431050 0.0929223 0.1049525 0.1335462 0.1469758 0.1569353 0.2228182 0.2716295 0.2183109 0.2448812 0.2282609 0.1508241 0.2764106 0.2079692 0.2652299 0.2447285 0.1379710 0.1470662 0.1743844 0.1845331 0.2508277 0.3263458 0.2355319 0.1609558 0.1380489 0.1478820 0.1314596 0.0000000 0.1862964 0.2607466 0.1630986 0.2727415 0.1643426 0.2668110 0.1850879 0.1634667 0.4100978 
AD                             0.2978059 0.1211520 0.0796058 0.1972295 0.1224268 0.2132175 0.2524566 0.3063550 0.2067401 0.2722231 0.2595643 0.2087262 0.3124862 0.2977385 0.3566001 0.2735239 0.1751984 0.1753032 0.1859101 0.2506766 0.2822873 0.3118086 0.2456526 0.2169995 0.1751549 0.1998900 0.1604870 0.1862964 0.0000000 0.2692436 0.2181102 0.2046047 0.2137752 0.2804120 0.2257575 0.2117369 0.5507468 
BF1                            0.2723196 0.2346594 0.2302623 0.2664840 0.3180827 0.3257828 0.2438438 0.3050814 0.2054461 0.0433962 0.1260268 0.2890101 0.2554077 0.2868943 0.2483074 0.2420750 0.3361237 0.2932625 0.2957719 0.1538747 0.3061430 0.3098951 0.1132228 0.3023225 0.3266451 0.2886510 0.2972783 0.2607466 0.2692436 0.0000000 0.3143852 0.3255246 0.3185097 0.2963135 0.3280620 0.3813554 0.5034075 
02G                            0.2764727 0.1170874 0.1444685 0.2045769 0.1851151 0.1544893 0.2458334 0.3593473 0.2668135 0.3029359 0.2859899 0.1537585 0.2645551 0.2683183 0.3213698 0.2939724 0.1322845 0.0484143 0.2057552 0.2682563 0.2830424 0.3958963 0.2782637 0.1603467 0.1262566 0.1852537 0.1604375 0.1630986 0.2181102 0.3143852 0.0000000 0.2917672 0.0886341 0.3706074 0.0607241 0.1468514 0.4384548 
A1D                            0.2908229 0.2130855 0.1607017 0.2906741 0.2732052 0.2469466 0.2776573 0.3610329 0.2068611 0.3134063 0.2913664 0.2919886 0.2771179 0.3006808 0.3156256 0.3027398 0.2678080 0.2604412 0.2636593 0.2621808 0.3349242 0.3590043 0.2777673 0.3020086 0.2762935 0.2906863 0.2399610 0.2727415 0.2046047 0.3255246 0.2917672 0.0000000 0.2706816 0.2720546 0.3018755 0.2923449 0.5091358 
02A                            0.2842408 0.1322500 0.1425995 0.1954381 0.1734436 0.1680630 0.2491116 0.3928354 0.2371901 0.3083316 0.3028540 0.1494120 0.2664049 0.2839133 0.3444504 0.2860897 0.1563593 0.0528548 0.2294493 0.2528417 0.2509437 0.4236402 0.2796535 0.1620650 0.1564479 0.1900080 0.1642946 0.1643426 0.2137752 0.3185097 0.0886341 0.2706816 0.0000000 0.3266475 0.0857594 0.1770447 0.4372980 
C2U                            0.2816704 0.2550505 0.2396684 0.2686355 0.3078552 0.2783953 0.2596893 0.2051186 0.2418363 0.2884769 0.2802173 0.2802488 0.2543270 0.3219643 0.2506028 0.2243300 0.3058419 0.3325829 0.2934482 0.2596388 0.2368375 0.2307150 0.3073939 0.3186179 0.3150436 0.2486058 0.3055146 0.2668110 0.2804120 0.2963135 0.3706074 0.2720546 0.3266475 0.0000000 0.3663543 0.3271871 0.4640761 
02B                            0.2973286 0.1318437 0.1585012 0.2099776 0.1852747 0.1943093 0.2659715 0.3998369 0.2682703 0.3238852 0.3065287 0.1478956 0.3016634 0.3249878 0.3693639 0.3012261 0.1649041 0.0458183 0.1970093 0.2742500 0.2778710 0.4384525 0.2821784 0.1604647 0.1584202 0.2034060 0.1632108 0.1850879 0.2257575 0.3280620 0.0607241 0.3018755 0.0857594 0.3663543 0.0000000 0.1834940 0.5335521 
01C                            0.2907968 0.0900361 0.1263321 0.2022948 0.1636775 0.1351737 0.2599554 0.3549631 0.2534952 0.3435404 0.2971728 0.1719729 0.2950610 0.2335905 0.3218500 0.2974786 0.0302249 0.1402119 0.1017691 0.2679068 0.2724110 0.3675113 0.2910652 0.1696917 0.0347679 0.1975152 0.0700517 0.1634667 0.2117369 0.3813554 0.1468514 0.2923449 0.1770447 0.3271871 0.1834940 0.0000000 0.4675498 
CPZ                            0.4137171 0.4106602 0.4350241 0.4709829 0.4411470 0.4192078 0.3754887 0.4306500 0.4327434 0.4938852 0.4375566 0.3940631 0.4122622 0.4132628 0.4759674 0.4061783 0.4334753 0.4902728 0.4455712 0.4403699 0.3872547 0.4957732 0.4765379 0.4170956 0.4337057 0.4061365 0.4413001 0.4100978 0.5507468 0.5034075 0.4384548 0.5091358 0.4372980 0.4640761 0.5335521 0.4675498 0.0000000 
