37
B.FR.83.HXBLAI_IIIB_BRU.K03455 0.0000000 0.2772253 0.2822869 0.3316306 0.3235156 0.2854951 0.0670637 0.2411653 0.2002985 0.2350757 0.2305824 0.2670515 0.2637119 0.2393032 0.2437285 0.2897927 0.2743216 0.3040995 0.3062443 0.2616282 0.1453574 0.2715089 0.1873534 0.2134568 0.1529058 0.3148996 0.2863509 0.2735282 0.3298540 0.2607420 0.3239058 0.2456799 0.3149392 0.2714395 0.3407791 0.3220409 0.9787068 
A                              0.2772253 0.0000000 0.0365904 0.1438940 0.0848372 0.0965808 0.1783902 0.2032337 0.2386355 0.1839518 0.2147514 0.2061619 0.1625627 0.2033956 0.2022602 0.2108095 0.1531876 0.1318430 0.1312787 0.2120577 0.1974828 0.2746621 0.2198164 0.2612070 0.1611095 0.1453236 0.1626924 0.1701450 0.0621024 0.2232855 0.2634117 0.2676334 0.1700945 0.2356308 0.1470942 0.1756992 0.9894597 
A1                             0.2822869 0.0365904 0.0000000 0.1515969 0.1077475 0.0990750 0.1833134 0.2022270 0.2418648 0.1677735 0.2031431 0.2103898 0.1689075 0.2086662 0.1896839 0.2016348 0.1543345 0.1406884 0.1586696 0.2110150 0.1893969 0.2871358 0.2071380 0.2858626 0.1817288 0.1466951 0.1670090 0.1767139 0.0543429 0.2171657 0.2693262 0.2733202 0.1660641 0.2181708 0.1704679 0.1742037 0.9595871 
A2                             0.3316306 0.1438940 0.1515969 0.0000000 0.2133147 0.1962951 0.2096623 0.2153124 0.2279255 0.2477561 0.2637691 0.2237529 0.2226256 0.2436738 0.2327346 0.2503605 0.1872766 0.1488268 0.1811286 0.2641504 0.2459393 0.2519111 0.2566436 0.2823758 0.1998858 0.0668441 0.1713933 0.2041605 0.1715365 0.2242874 0.2675828 0.3137925 0.2177095 0.2474312 0.2192607 0.2155359 0.8705121 
A3                             0.3235156 0.0848372 0.1077475 0.2133147 0.0000000 0.1332806 0.2142621 0.2354635 0.3037693 0.2289509 0.2222142 0.2565560 0.2218572 0.2625931 0.2271331 0.2135478 0.2391110 0.1470005 0.1999207 0.2603030 0.2518558 0.3192356 0.2312716 0.3130186 0.2389802 0.1947884 0.2310787 0.1946517 0.1497251 0.2395483 0.3168051 0.3311367 0.1992103 0.2610493 0.1804790 0.2579149 1.0064482 
A6                             0.2854951 0.0965808 0.0990750 0.1962951 0.1332806 0.0000000 0.1832178 0.2242305 0.2571752 0.1867530 0.2215060 0.2335411 0.2464387 0.2307005 0.2353237 0.2207371 0.2052862 0.1437819 0.1901372 0.2266602 0.2398621 0.2859728 0.2313526 0.2827542 0.2162383 0.1749160 0.1918136 0.2189686 0.1557247 0.2587149 0.2878553 0.3162117 0.1235586 0.2528161 0.1731949 0.2181443 0.9105999 
B                              0.0670637 0.1783902 0.1833134 0.2096623 0.2142621 0.1832178 0.0000000 0.1648857 0.1037177 0.1413398 0.1522883 0.1797056 0.1868046 0.1802257 0.1528010 0.1842338 0.2046943 0.1835020 0.1943079 0.1622148 0.0777720 0.1943628 0.1230003 0.1479994 0.1127677 0.1949111 0.2137260 0.1992276 0.2355786 0.1605118 0.2290149 0.2088295 0.1909442 0.1734170 0.2243726 0.2364933 0.9018401 
C                              0.2411653 0.2032337 0.2022270 0.2153124 0.2354635 0.2242305 0.1648857 0.0000000 0.2049104 0.1524647 0.1630935 0.2422041 0.1783570 0.2392699 0.1740621 0.1732006 0.2472076 0.2396423 0.2138230 0.1765703 0.1595560 0.0894500 0.1873001 0.2891194 0.2237913 0.2069989 0.2558666 0.2629074 0.2346226 0.2324659 0.3026118 0.2897465 0.2781786 0.0969241 0.2874539 0.2784988 1.0248928 
D                              0.2002985 0.2386355 0.2418648 0.2279255 0.3037693 0.2571752 0.1037177 0.2049104 0.0000000 0.1906854 0.2007813 0.2475008 0.2359346 0.2244240 0.2069532 0.2297516 0.2657479 0.2485634 0.2317048 0.1980652 0.1807566 0.1935058 0.1834342 0.2566103 0.2149611 0.2016207 0.2682285 0.2518043 0.2772658 0.2536912 0.2949835 0.1101671 0.2359111 0.2181655 0.2733698 0.2710823 0.9670380 
F1                             0.2350757 0.1839518 0.1677735 0.2477561 0.2289509 0.1867530 0.1413398 0.1524647 0.1906854 0.0000000 0.0485579 0.2070267 0.1567446 0.2080907 0.0995468 0.2041118 0.2205008 0.2314190 0.1838419 0.0521679 0.1883557 0.2087173 0.0679002 0.2383644 0.1723659 0.2311123 0.2190044 0.2356296 0.2054197 0.0644081 0.2573247 0.2758146 0.2470722 0.2035487 0.2797561 0.2376356 0.7981897 
F2                             0.2305824 0.2147514 0.2031431 0.2637691 0.2222142 0.2215060 0.1522883 0.1630935 0.2007813 0.0485579 0.0000000 0.2004641 0.1900629 0.2058999 0.1175473 0.1945236 0.2330121 0.2608604 0.1883112 0.0593680 0.1972668 0.2138455 0.1062781 0.2269937 0.1642529 0.2208799 0.2505465 0.2569615 0.2448492 0.1023064 0.2415950 0.2892806 0.2610403 0.1898001 0.2974635 0.2426690 0.7957629 
G                              0.2670515 0.2061619 0.2103898 0.2237529 0.2565560 0.2335411 0.1797056 0.2422041 0.2475008 0.2070267 0.2004641 0.0000000 0.2300562 0.1880748 0.1921560 0.2478817 0.1495229 0.1901934 0.1323306 0.2209178 0.2245997 0.3077783 0.2259991 0.1409111 0.1532799 0.2115832 0.1672324 0.2203519 0.2588338 0.2501946 0.0370055 0.3131592 0.2248462 0.2321713 0.2281213 0.1656774 0.8518905 
H                              0.2637119 0.1625627 0.1689075 0.2226256 0.2218572 0.2464387 0.1868046 0.1783570 0.2359346 0.1567446 0.1900629 0.2300562 0.0000000 0.1914485 0.1653161 0.2084642 0.2253128 0.2220797 0.2058772 0.1873953 0.1933069 0.2224938 0.1911610 0.2688595 0.2004108 0.2066232 0.2453293 0.2345217 0.2136581 0.2060514 0.2958378 0.3042435 0.2658260 0.2166260 0.2795867 0.2547270 0.8842887 
J                              0.2393032 0.2033956 0.2086662 0.2436738 0.2625931 0.2307005 0.1802257 0.2392699 0.2244240 0.2080907 0.2058999 0.1880748 0.1914485 0.0000000 0.2200729 0.2110718 0.2490718 0.2438240 0.2147677 0.2231943 0.2367230 0.2375233 0.2254986 0.3078694 0.2204483 0.2126984 0.2426307 0.2519981 0.2314877 0.2623726 0.2275608 0.3022780 0.2363122 0.2648940 0.2850766 0.2976698 0.8878005 
K                              0.2437285 0.2022602 0.1896839 0.2327346 0.2271331 0.2353237 0.1528010 0.1740621 0.2069532 0.0995468 0.1175473 0.1921560 0.1653161 0.2200729 0.0000000 0.1992949 0.2410937 0.2223591 0.2155477 0.1306276 0.1981418 0.2397147 0.1194368 0.2156581 0.1931916 0.2088758 0.2531508 0.2283984 0.2464581 0.1337830 0.2423985 0.2927523 0.2617678 0.1806389 0.2873024 0.2621093 0.9400676 
L                              0.2897927 0.2108095 0.2016348 0.2503605 0.2135478 0.2207371 0.1842338 0.1732006 0.2297516 0.2041118 0.1945236 0.2478817 0.2084642 0.2110718 0.1992949 0.0000000 0.2641027 0.2371634 0.2431807 0.2175282 0.2330388 0.2515532 0.2293892 0.3168286 0.2418629 0.2325996 0.2553726 0.2675444 0.2256919 0.2236336 0.2954342 0.2907832 0.2551826 0.1869605 0.2608211 0.2783164 0.8952287 
AE                             0.2743216 0.1531876 0.1543345 0.1872766 0.2391110 0.2052862 0.2046943 0.2472076 0.2657479 0.2205008 0.2330121 0.1495229 0.2253128 0.2490718 0.2410937 0.2641027 0.0000000 0.2146670 0.1456253 0.2454530 0.2521867 0.3525754 0.2450974 0.2094689 0.0976723 0.1907522 0.0875659 0.2029591 0.1477442 0.2885540 0.1671134 0.3221324 0.2767466 0.2569180 0.2665774 0.0393746 0.8563773 
AG                             0.3040995 0.1318430 0.1406884 0.1488268 0.1470005 0.1437819 0.1835020 0.2396423 0.2485634 0.2314190 0.2608604 0.1901934 0.2220797 0.2438240 0.2223591 0.2371634 0.2146670 0.0000000 0.1801761 0.2832338 0.2054569 0.2964931 0.2255101 0.2579673 0.2500931 0.1419727 0.1693463 0.1999842 0.1705839 0.2323593 0.2410976 0.2676231 0.1061754 0.2370956 0.0586547 0.2562162 0.6975210 
cpx                            0.3062443 0.1312787 0.1586696 0.1811286 0.1999207 0.1901372 0.1943079 0.2138230 0.2317048 0.1838419 0.1883112 0.1323306 0.2058772 0.2147677 0.2155477 0.2431807 0.1456253 0.1801761 0.0000000 0.1850245 0.2208657 0.2416156 0.2349374 0.1966458 0.1457007 0.1839270 0.1921434 0.2182924 0.1940499 0.2372306 0.1636460 0.2953135 0.2425921 0.2436353 0.2238413 0.1589435 0.8907551 
DF                             0.2616282 0.2120577 0.2110150 0.2641504 0.2603030 0.2266602 0.1622148 0.1765703 0.1980652 0.0521679 0.0593680 0.2209178 0.1873953 0.2231943 0.1306276 0.2175282 0.2454530 0.2832338 0.1850245 0.0000000 0.2177198 0.2110780 0.1282437 0.2514654 0.1683106 0.2527264 0.2548642 0.2857459 0.2462193 0.1096665 0.2731986 0.3025828 0.2836854 0.2188188 0.3008301 0.2417552 0.7972344 
BC                             0.1453574 0.1974828 0.1893969 0.2459393 0.2518558 0.2398621 0.0777720 0.1595560 0.1807566 0.1883557 0.1972668 0.2245997 0.1933069 0.2367230 0.1981418 0.2330388 0.2521867 0.2054569 0.2208657 0.2177198 0.0000000 0.2267249 0.1703439 0.2503931 0.1807306 0.2287201 0.2551874 0.2542065 0.2461957 0.2151998 0.2804713 0.2288346 0.2238567 0.2274389 0.2523219 0.2785422 1.0334100 
CD                             0.2715089 0.2746621 0.2871358 0.2519111 0.3192356 0.2859728 0.1943628 0.0894500 0.1935058 0.2087173 0.2138455 0.3077783 0.2224938 0.2375233 0.2397147 0.2515532 0.3525754 0.2964931 0.2416156 0.2110780 0.2267249 0.0000000 0.2391481 0.3007290 0.2582754 0.2485145 0.3446189 0.3426405 0.3311901 0.2601911 0.3779756 0.2943405 0.3071122 0.1578452 0.3174315 0.3715373 0.9691890 
BF                             0.1873534 0.2198164 0.2071380 0.2566436 0.2312716 0.2313526 0.1230003 0.1873001 0.1834342 0.0679002 0.1062781 0.2259991 0.1911610 0.2254986 0.1194368 0.2293892 0.2450974 0.2255101 0.2349374 0.1282437 0.1703439 0.2391481 0.0000000 0.2539280 0.1938695 0.2398916 0.2654779 0.2215438 0.2488429 0.0890075 0.2824059 0.2436436 0.2834624 0.2230903 0.2778350 0.2828888 0.9205587 
BG                             0.2134568 0.2612070 0.2858626 0.2823758 0.3130186 0.2827542 0.1479994 0.2891194 0.2566103 0.2383644 0.2269937 0.1409111 0.2688595 0.3078694 0.2156581 0.3168286 0.2094689 0.2579673 0.1966458 0.2514654 0.2503931 0.3007290 0.2539280 0.0000000 0.1139594 0.2818499 0.2375941 0.2846599 0.3155265 0.2765060 0.1814994 0.3710204 0.2823781 0.2530513 0.2896053 0.2270457 0.8925024 
01B                            0.1529058 0.1611095 0.1817288 0.1998858 0.2389802 0.2162383 0.1127677 0.2237913 0.2149611 0.1723659 0.1642529 0.1532799 0.2004108 0.2204483 0.1931916 0.2418629 0.0976723 0.2500931 0.1457007 0.1683106 0.1807306 0.2582754 0.1938695 0.1139594 0.0000000 0.2121776 0.1561552 0.2390349 0.1891735 0.1947108 0.1871195 0.2969895 0.2715637 0.2130744 0.2777647 0.1285885 0.7947559 
A2D                            0.3148996 0.1453236 0.1466951 0.0668441 0.1947884 0.1749160 0.1949111 0.2069989 0.2016207 0.2311123 0.2208799 0.2115832 0.2066232 0.2126984 0.2088758 0.2325996 0.1907522 0.1419727 0.1839270 0.2527264 0.2287201 0.2485145 0.2398916 0.2818499 0.2121776 0.0000000 0.2124053 0.2082347 0.1711645 0.2424435 0.2609290 0.2585139 0.1850946 0.2333951 0.1838501 0.2185791 0.8389217 
01A1                           0.2863509 0.1626924 0.1670090 0.1713933 0.2310787 0.1918136 0.2137260 0.2558666 0.2682285 0.2190044 0.2505465 0.1672324 0.2453293 0.2426307 0.2531508 0.2553726 0.0875659 0.1693463 0.1921434 0.2548642 0.2551874 0.3446189 0.2654779 0.2375941 0.1561552 0.2124053 0.0000000 0.2123121 0.1651070 0.2497888 0.2020906 0.3394954 0.2190200 0.2701657 0.2327208 0.1264797 0.8422732 
A5U                            0.2735282 0.1701450 0.1767139 0.2041605 0.1946517 0.2189686 0.1992276 0.2629074 0.2518043 0.2356296 0.2569615 0.2203519 0.2345217 0.2519981 0.2283984 0.2675444 0.2029591 0.1999842 0.2182924 0.2857459 0.2542065 0.3426405 0.2215438 0.2846599 0.2390349 0.2082347 0.2123121 0.0000000 0.2234369 0.3027287 0.2731123 0.3743769 0.2338977 0.2726104 0.2330612 0.2406713 1.0680484 
AD                             0.3298540 0.0621024 0.0543429 0.1715365 0.1497251 0.1557247 0.2355786 0.2346226 0.2772658 0.2054197 0.2448492 0.2588338 0.2136581 0.2314877 0.2464581 0.2256919 0.1477442 0.1705839 0.1940499 0.2462193 0.2461957 0.3311901 0.2488429 0.3155265 0.1891735 0.1711645 0.1651070 0.2234369 0.0000000 0.2549879 0.3172197 0.2975369 0.2303795 0.2589700 0.2154243 0.1844809 1.0522272 
BF1                            0.2607420 0.2232855 0.2171657 0.2242874 0.2395483 0.2587149 0.1605118 0.2324659 0.2536912 0.0644081 0.1023064 0.2501946 0.2060514 0.2623726 0.1337830 0.2236336 0.2885540 0.2323593 0.2372306 0.1096665 0.2151998 0.2601911 0.0890075 0.2765060 0.1947108 0.2424435 0.2497888 0.3027287 0.2549879 0.0000000 0.2945690 0.2997707 0.3153376 0.2541034 0.3100672 0.3087992 0.7204267 
02G                            0.3239058 0.2634117 0.2693262 0.2675828 0.3168051 0.2878553 0.2290149 0.3026118 0.2949835 0.2573247 0.2415950 0.0370055 0.2958378 0.2275608 0.2423985 0.2954342 0.1671134 0.2410976 0.1636460 0.2731986 0.2804713 0.3779756 0.2824059 0.1814994 0.1871195 0.2609290 0.2020906 0.2731123 0.3172197 0.2945690 0.0000000 0.3552306 0.2850802 0.2986667 0.2982724 0.1815601 0.8780760 
A1D                            0.2456799 0.2676334 0.2733202 0.3137925 0.3311367 0.3162117 0.2088295 0.2897465 0.1101671 0.2758146 0.2892806 0.3131592 0.3042435 0.3022780 0.2927523 0.2907832 0.3221324 0.2676231 0.2953135 0.3025828 0.2288346 0.2943405 0.2436436 0.3710204 0.2969895 0.2585139 0.3394954 0.3743769 0.2975369 0.2997707 0.3552306 0.0000000 0.3005207 0.3306488 0.3165042 0.3452334 0.9474055 
02A                            0.3149392 0.1700945 0.1660641 0.2177095 0.1992103 0.1235586 0.1909442 0.2781786 0.2359111 0.2470722 0.2610403 0.2248462 0.2658260 0.2363122 0.2617678 0.2551826 0.2767466 0.1061754 0.2425921 0.2836854 0.2238567 0.3071122 0.2834624 0.2823781 0.2715637 0.1850946 0.2190200 0.2338977 0.2303795 0.3153376 0.2850802 0.3005207 0.0000000 0.2778893 0.1352060 0.2894471 0.7745509 
C2U                            0.2714395 0.2356308 0.2181708 0.2474312 0.2610493 0.2528161 0.1734170 0.0969241 0.2181655 0.2035487 0.1898001 0.2321713 0.2166260 0.2648940 0.1806389 0.1869605 0.2569180 0.2370956 0.2436353 0.2188188 0.2274389 0.1578452 0.2230903 0.2530513 0.2130744 0.2333951 0.2701657 0.2726104 0.2589700 0.2541034 0.2986667 0.3306488 0.2778893 0.0000000 0.2725228 0.2773996 1.0174564 
02B                            0.3407791 0.1470942 0.1704679 0.2192607 0.1804790 0.1731949 0.2243726 0.2874539 0.2733698 0.2797561 0.2974635 0.2281213 0.2795867 0.2850766 0.2873024 0.2608211 0.2665774 0.0586547 0.2238413 0.3008301 0.2523219 0.3174315 0.2778350 0.2896053 0.2777647 0.1838501 0.2327208 0.2330612 0.2154243 0.3100672 0.2982724 0.3165042 0.1352060 0.2725228 0.0000000 0.2921035 0.8521586 
01C                            0.3220409 0.1756992 0.1742037 0.2155359 0.2579149 0.2181443 0.2364933 0.2784988 0.2710823 0.2376356 0.2426690 0.1656774 0.2547270 0.2976698 0.2621093 0.2783164 0.0393746 0.2562162 0.1589435 0.2417552 0.2785422 0.3715373 0.2828888 0.2270457 0.1285885 0.2185791 0.1264797 0.2406713 0.1844809 0.3087992 0.1815601 0.3452334 0.2894471 0.2773996 0.2921035 0.0000000 0.8936785 
CPZ                            0.9787068 0.9894597 0.9595871 0.8705121 1.0064482 0.9105999 0.9018401 1.0248928 0.9670380 0.7981897 0.7957629 0.8518905 0.8842887 0.8878005 0.9400676 0.8952287 0.8563773 0.6975210 0.8907551 0.7972344 1.0334100 0.9691890 0.9205587 0.8925024 0.7947559 0.8389217 0.8422732 1.0680484 1.0522272 0.7204267 0.8780760 0.9474055 0.7745509 1.0174564 0.8521586 0.8936785 0.0000000 
