37
B.FR.83.HXBLAI_IIIB_BRU.K03455 0.0000000 0.2201637 0.2171489 0.2275951 0.2300397 0.2448829 0.0550311 0.2294070 0.1613971 0.2504199 0.1844333 0.3165323 0.2342275 0.2646427 0.2476946 0.2212088 0.3273164 0.2912900 0.3005905 0.2141244 0.2434699 0.2126073 0.2444480 0.5022894 0.3287366 0.2318975 0.3345049 0.2334594 0.3086492 0.3436596 0.4216869 0.2303695 0.3723357 0.2080414 0.3654243 0.3654086 0.3675081 
A                              0.2201637 0.0000000 0.0351290 0.0765899 0.0637268 0.0689924 0.1621546 0.2146227 0.1809521 0.2142007 0.1847613 0.2371569 0.1315490 0.1464408 0.1828389 0.1434347 0.1971060 0.1333007 0.2123399 0.1927004 0.2044939 0.2168073 0.2215681 0.3204155 0.1887879 0.0738309 0.1858608 0.0915029 0.0727953 0.3034374 0.3091184 0.0751098 0.2541761 0.2231903 0.2787964 0.2591343 0.3010531 
A1                             0.2171489 0.0351290 0.0000000 0.0816022 0.0812447 0.0587049 0.1703461 0.1850708 0.1802056 0.1792118 0.1564338 0.2588728 0.1308103 0.1444762 0.1549225 0.1456259 0.1936697 0.1541086 0.2070941 0.1831838 0.1896933 0.2002683 0.1835833 0.3546094 0.1918708 0.0772866 0.1837553 0.0952813 0.0567844 0.2592061 0.2892441 0.0548001 0.2811225 0.2067536 0.2653123 0.2505821 0.2636534 
A2                             0.2275951 0.0765899 0.0816022 0.0000000 0.1257491 0.1089179 0.1769698 0.2096730 0.1731405 0.2021394 0.1672637 0.2675214 0.1546651 0.1773253 0.1897516 0.1709766 0.2479811 0.1882110 0.2581210 0.2384801 0.1950001 0.2173408 0.2238591 0.3575584 0.2303952 0.0378554 0.2512281 0.1158340 0.1632274 0.3017152 0.3300702 0.1290602 0.3099308 0.2026423 0.2923829 0.2802681 0.3557117 
A3                             0.2300397 0.0637268 0.0812447 0.1257491 0.0000000 0.1094728 0.1948589 0.2434077 0.1960605 0.2428962 0.2185847 0.3004857 0.1857001 0.2071059 0.2050756 0.1890288 0.2723106 0.1876107 0.2687390 0.2324430 0.2245741 0.2288376 0.2410061 0.4226945 0.2558422 0.1160648 0.2338621 0.1301148 0.1286354 0.3162531 0.3752207 0.1100893 0.3251503 0.2613021 0.3281250 0.3074623 0.3178122 
A6                             0.2448829 0.0689924 0.0587049 0.1089179 0.1094728 0.0000000 0.1977240 0.1970251 0.2082647 0.2126462 0.1956632 0.2451368 0.1416760 0.1701069 0.1705948 0.1531323 0.2192983 0.1773478 0.2234718 0.2112478 0.1743267 0.2074488 0.2214462 0.3428147 0.2195280 0.1000982 0.2144881 0.1194242 0.1017076 0.2691184 0.2729067 0.1024901 0.2797550 0.1974081 0.2925262 0.2369449 0.3198059 
B                              0.0550311 0.1621546 0.1703461 0.1769698 0.1948589 0.1977240 0.0000000 0.1802643 0.1062368 0.1489003 0.1422600 0.2700347 0.1851545 0.2110831 0.1891824 0.1438798 0.2350451 0.2244692 0.2388579 0.1519930 0.2154348 0.1942287 0.1748201 0.3632055 0.2483383 0.1836584 0.2572807 0.1993891 0.2159609 0.2405731 0.2979383 0.1636389 0.2768966 0.1966871 0.2733411 0.2854160 0.3376830 
C                              0.2294070 0.2146227 0.1850708 0.2096730 0.2434077 0.1970251 0.1802643 0.0000000 0.1900599 0.1523175 0.1395785 0.2150914 0.1429382 0.1673295 0.1306976 0.1139550 0.1743587 0.2389324 0.1520663 0.1669213 0.0683536 0.0915610 0.1536126 0.3204141 0.1897738 0.2036351 0.1742371 0.2206251 0.2490428 0.1993348 0.2636992 0.2093990 0.3226978 0.1262633 0.3345255 0.1428860 0.2596847 
D                              0.1613971 0.1809521 0.1802056 0.1731405 0.1960605 0.2082647 0.1062368 0.1900599 0.0000000 0.1911879 0.1510792 0.2804480 0.1642457 0.1872621 0.1994126 0.1671944 0.2338549 0.2237387 0.2148250 0.1275313 0.1775141 0.1618152 0.1924253 0.3959597 0.2220643 0.1742420 0.2673705 0.2154019 0.2712365 0.3140516 0.3378247 0.2080486 0.2813818 0.1640826 0.2693698 0.2450289 0.3108172 
F1                             0.2504199 0.2142007 0.1792118 0.2021394 0.2428962 0.2126462 0.1489003 0.1523175 0.1911879 0.0000000 0.0731457 0.2313624 0.1637937 0.2031765 0.1333335 0.1607733 0.2303467 0.2247660 0.2206550 0.1033195 0.1702975 0.2047048 0.0277071 0.2958716 0.2312824 0.2125667 0.2256070 0.2374126 0.2613709 0.0685518 0.2367112 0.1827910 0.2953074 0.2231685 0.2492920 0.2520307 0.2515074 
F2                             0.1844333 0.1847613 0.1564338 0.1672637 0.2185847 0.1956632 0.1422600 0.1395785 0.1510792 0.0731457 0.0000000 0.2133741 0.1522475 0.1775614 0.1526468 0.1404426 0.2239626 0.2297230 0.1997029 0.1126250 0.1680307 0.1725085 0.0858857 0.3057992 0.2254334 0.1728044 0.2380152 0.1870760 0.2511475 0.1329283 0.2116623 0.1890761 0.3010081 0.1726256 0.2657273 0.2322167 0.2664026 
G                              0.3165323 0.2371569 0.2588728 0.2675214 0.3004857 0.2451368 0.2700347 0.2150914 0.2804480 0.2313624 0.2133741 0.0000000 0.1906218 0.2143966 0.2051155 0.1723387 0.2485960 0.0982122 0.1755438 0.2542393 0.2592573 0.2307186 0.2124857 0.0572302 0.2642327 0.2605557 0.2644277 0.2067434 0.3493651 0.3210315 0.0654036 0.3081010 0.1886759 0.2455819 0.1330907 0.2864593 0.2362091 
H                              0.2342275 0.1315490 0.1308103 0.1546651 0.1857001 0.1416760 0.1851545 0.1429382 0.1642457 0.1637937 0.1522475 0.1906218 0.0000000 0.1295597 0.1766506 0.1001293 0.2154782 0.1678264 0.1128575 0.1690190 0.1527893 0.1708060 0.1617153 0.2887538 0.2106487 0.1422835 0.1990068 0.1546389 0.1748247 0.2320764 0.2479500 0.1787107 0.2632693 0.1568875 0.2934109 0.2320349 0.2485831 
J                              0.2646427 0.1464408 0.1444762 0.1773253 0.2071059 0.1701069 0.2110831 0.1673295 0.1872621 0.2031765 0.1775614 0.2143966 0.1295597 0.0000000 0.1014876 0.1059232 0.1203888 0.1916930 0.1695490 0.1824387 0.1641448 0.1836084 0.1839048 0.2903142 0.1198883 0.1640701 0.1196103 0.1631239 0.1800056 0.3022922 0.2816126 0.1714524 0.2974050 0.1523409 0.2746939 0.1999807 0.2981108 
K                              0.2476946 0.1828389 0.1549225 0.1897516 0.2050756 0.1705948 0.1891824 0.1306976 0.1994126 0.1333335 0.1526468 0.2051155 0.1766506 0.1014876 0.0000000 0.0953523 0.1576717 0.2195573 0.1575292 0.1667175 0.1456781 0.1660336 0.1610598 0.2532667 0.1634079 0.1756952 0.1068975 0.1870274 0.2357091 0.1911172 0.2176249 0.1957633 0.2749774 0.1054086 0.2452033 0.1807030 0.3145229 
L                              0.2212088 0.1434347 0.1456259 0.1709766 0.1890288 0.1531323 0.1438798 0.1139550 0.1671944 0.1607733 0.1404426 0.1723387 0.1001293 0.1059232 0.0953523 0.0000000 0.1818246 0.1860079 0.1490150 0.1779229 0.1404650 0.1450735 0.1528340 0.2726443 0.1897885 0.1672161 0.1718257 0.1660181 0.1923109 0.2575483 0.2161011 0.1728500 0.2679012 0.1278242 0.2766339 0.1951324 0.2463429 
AE                             0.3273164 0.1971060 0.1936697 0.2479811 0.2723106 0.2192983 0.2350451 0.1743587 0.2338549 0.2303467 0.2239626 0.2485960 0.2154782 0.1203888 0.1576717 0.1818246 0.0000000 0.2155442 0.2314764 0.2360422 0.1924173 0.2133983 0.2398329 0.3563087 0.0066835 0.2180244 0.0613726 0.1869620 0.2634245 0.3470422 0.2928739 0.2199028 0.3483422 0.2424197 0.3360025 0.1426731 0.3266371 
AG                             0.2912900 0.1333007 0.1541086 0.1882110 0.1876107 0.1773478 0.2244692 0.2389324 0.2237387 0.2247660 0.2297230 0.0982122 0.1678264 0.1916930 0.2195573 0.1860079 0.2155442 0.0000000 0.2207895 0.2434253 0.2586854 0.2634942 0.2330020 0.1660003 0.2128069 0.1621571 0.1997575 0.1829187 0.2232516 0.3263175 0.1386313 0.1934362 0.0752431 0.2729613 0.0838055 0.2798466 0.2524671 
cpx                            0.3005905 0.2123399 0.2070941 0.2581210 0.2687390 0.2234718 0.2388579 0.1520663 0.2148250 0.2206550 0.1997029 0.1755438 0.1128575 0.1695490 0.1575292 0.1490150 0.2314764 0.2207895 0.0000000 0.1976673 0.1661461 0.1854455 0.1977782 0.2403911 0.2240221 0.2374324 0.2403221 0.2477555 0.2893565 0.3104587 0.2488342 0.2514728 0.2963896 0.1790188 0.3205893 0.2133593 0.3453282 
DF                             0.2141244 0.1927004 0.1831838 0.2384801 0.2324430 0.2112478 0.1519930 0.1669213 0.1275313 0.1033195 0.1126250 0.2542393 0.1690190 0.1824387 0.1667175 0.1779229 0.2360422 0.2434253 0.1976673 0.0000000 0.1589309 0.1662037 0.1017116 0.3565333 0.2246638 0.2382542 0.2603517 0.2207830 0.2618075 0.1778925 0.3174345 0.2023148 0.2993710 0.2057729 0.2970231 0.2761022 0.2506550 
BC                             0.2434699 0.2044939 0.1896933 0.1950001 0.2245741 0.1743267 0.2154348 0.0683536 0.1775141 0.1702975 0.1680307 0.2592573 0.1527893 0.1641448 0.1456781 0.1404650 0.1924173 0.2586854 0.1661461 0.1589309 0.0000000 0.1029412 0.1671810 0.3553563 0.1922587 0.2026441 0.1961295 0.2183536 0.2600202 0.2351124 0.2977024 0.2008549 0.3064344 0.1038205 0.3302356 0.1406058 0.2934743 
CD                             0.2126073 0.2168073 0.2002683 0.2173408 0.2288376 0.2074488 0.1942287 0.0915610 0.1618152 0.2047048 0.1725085 0.2307186 0.1708060 0.1836084 0.1660336 0.1450735 0.2133983 0.2634942 0.1854455 0.1662037 0.1029412 0.0000000 0.1901222 0.3392146 0.2280340 0.2108816 0.2042593 0.1853331 0.2500787 0.2440282 0.3254355 0.2556288 0.3221508 0.1261099 0.3441138 0.1791870 0.3019040 
BF                             0.2444480 0.2215681 0.1835833 0.2238591 0.2410061 0.2214462 0.1748201 0.1536126 0.1924253 0.0277071 0.0858857 0.2124857 0.1617153 0.1839048 0.1610598 0.1528340 0.2398329 0.2330020 0.1977782 0.1017116 0.1671810 0.1901222 0.0000000 0.3236381 0.2321351 0.2310644 0.2408683 0.2401687 0.2773344 0.0556633 0.2528847 0.2123887 0.3202082 0.1965919 0.2599783 0.2467152 0.2307415 
BG                             0.5022894 0.3204155 0.3546094 0.3575584 0.4226945 0.3428147 0.3632055 0.3204141 0.3959597 0.2958716 0.3057992 0.0572302 0.2887538 0.2903142 0.2532667 0.2726443 0.3563087 0.1660003 0.2403911 0.3565333 0.3553563 0.3392146 0.3236381 0.0000000 0.3651565 0.3291418 0.3358151 0.3206054 0.3996197 0.3801456 0.1420576 0.3927285 0.2536657 0.3375276 0.2093556 0.4087871 0.3708866 
01B                            0.3287366 0.1887879 0.1918708 0.2303952 0.2558422 0.2195280 0.2483383 0.1897738 0.2220643 0.2312824 0.2254334 0.2642327 0.2106487 0.1198883 0.1634079 0.1897885 0.0066835 0.2128069 0.2240221 0.2246638 0.1922587 0.2280340 0.2321351 0.3651565 0.0000000 0.2059619 0.0743902 0.1837317 0.2608965 0.3432893 0.2962770 0.2127774 0.3445675 0.2343579 0.3322114 0.1334816 0.3397019 
A2D                            0.2318975 0.0738309 0.0772866 0.0378554 0.1160648 0.1000982 0.1836584 0.2036351 0.1742420 0.2125667 0.1728044 0.2605557 0.1422835 0.1640701 0.1756952 0.1672161 0.2180244 0.1621571 0.2374324 0.2382542 0.2026441 0.2108816 0.2310644 0.3291418 0.2059619 0.0000000 0.2174883 0.0943104 0.1507462 0.3170373 0.3185136 0.1159486 0.2707034 0.2055970 0.3128357 0.2813204 0.3073154 
01A1                           0.3345049 0.1858608 0.1837553 0.2512281 0.2338621 0.2144881 0.2572807 0.1742371 0.2673705 0.2256070 0.2380152 0.2644277 0.1990068 0.1196103 0.1068975 0.1718257 0.0613726 0.1997575 0.2403221 0.2603517 0.1961295 0.2042593 0.2408683 0.3358151 0.0743902 0.2174883 0.0000000 0.1795495 0.2360542 0.3025736 0.3141892 0.2396577 0.3468854 0.2473181 0.3085663 0.1627972 0.3315446 
A5U                            0.2334594 0.0915029 0.0952813 0.1158340 0.1301148 0.1194242 0.1993891 0.2206251 0.2154019 0.2374126 0.1870760 0.2067434 0.1546389 0.1631239 0.1870274 0.1660181 0.1869620 0.1829187 0.2477555 0.2207830 0.2183536 0.1853331 0.2401687 0.3206054 0.1837317 0.0943104 0.1795495 0.0000000 0.1684416 0.3677290 0.2833568 0.1351808 0.2979550 0.2136398 0.3051579 0.2886613 0.2937565 
AD                             0.3086492 0.0727953 0.0567844 0.1632274 0.1286354 0.1017076 0.2159609 0.2490428 0.2712365 0.2613709 0.2511475 0.3493651 0.1748247 0.1800056 0.2357091 0.1923109 0.2634245 0.2232516 0.2893565 0.2618075 0.2600202 0.2500787 0.2773344 0.3996197 0.2608965 0.1507462 0.2360542 0.1684416 0.0000000 0.2676444 0.3842129 0.0927679 0.3674224 0.2826105 0.3511067 0.3114906 0.3860485 
BF1                            0.3436596 0.3034374 0.2592061 0.3017152 0.3162531 0.2691184 0.2405731 0.1993348 0.3140516 0.0685518 0.1329283 0.3210315 0.2320764 0.3022922 0.1911172 0.2575483 0.3470422 0.3263175 0.3104587 0.1778925 0.2351124 0.2440282 0.0556633 0.3801456 0.3432893 0.3170373 0.3025736 0.3677290 0.2676444 0.0000000 0.3093022 0.2720039 0.4162845 0.2895211 0.3278124 0.3254880 0.3284548 
02G                            0.4216869 0.3091184 0.2892441 0.3300702 0.3752207 0.2729067 0.2979383 0.2636992 0.3378247 0.2367112 0.2116623 0.0654036 0.2479500 0.2816126 0.2176249 0.2161011 0.2928739 0.1386313 0.2488342 0.3174345 0.2977024 0.3254355 0.2528847 0.1420576 0.2962770 0.3185136 0.3141892 0.2833568 0.3842129 0.3093022 0.0000000 0.3598784 0.2271489 0.3077887 0.1889876 0.3564941 0.3095712 
A1D                            0.2303695 0.0751098 0.0548001 0.1290602 0.1100893 0.1024901 0.1636389 0.2093990 0.2080486 0.1827910 0.1890761 0.3081010 0.1787107 0.1714524 0.1957633 0.1728500 0.2199028 0.1934362 0.2514728 0.2023148 0.2008549 0.2556288 0.2123887 0.3927285 0.2127774 0.1159486 0.2396577 0.1351808 0.0927679 0.2720039 0.3598784 0.0000000 0.3448874 0.2266143 0.3005822 0.2974684 0.2907388 
02A                            0.3723357 0.2541761 0.2811225 0.3099308 0.3251503 0.2797550 0.2768966 0.3226978 0.2813818 0.2953074 0.3010081 0.1886759 0.2632693 0.2974050 0.2749774 0.2679012 0.3483422 0.0752431 0.2963896 0.2993710 0.3064344 0.3221508 0.3202082 0.2536657 0.3445675 0.2707034 0.3468854 0.2979550 0.3674224 0.4162845 0.2271489 0.3448874 0.0000000 0.3639753 0.1720868 0.3621738 0.3277760 
C2U                            0.2080414 0.2231903 0.2067536 0.2026423 0.2613021 0.1974081 0.1966871 0.1262633 0.1640826 0.2231685 0.1726256 0.2455819 0.1568875 0.1523409 0.1054086 0.1278242 0.2424197 0.2729613 0.1790188 0.2057729 0.1038205 0.1261099 0.1965919 0.3375276 0.2343579 0.2055970 0.2473181 0.2136398 0.2826105 0.2895211 0.3077887 0.2266143 0.3639753 0.0000000 0.3179721 0.1846554 0.2989999 
02B                            0.3654243 0.2787964 0.2653123 0.2923829 0.3281250 0.2925262 0.2733411 0.3345255 0.2693698 0.2492920 0.2657273 0.1330907 0.2934109 0.2746939 0.2452033 0.2766339 0.3360025 0.0838055 0.3205893 0.2970231 0.3302356 0.3441138 0.2599783 0.2093556 0.3322114 0.3128357 0.3085663 0.3051579 0.3511067 0.3278124 0.1889876 0.3005822 0.1720868 0.3179721 0.0000000 0.3450192 0.2956749 
01C                            0.3654086 0.2591343 0.2505821 0.2802681 0.3074623 0.2369449 0.2854160 0.1428860 0.2450289 0.2520307 0.2322167 0.2864593 0.2320349 0.1999807 0.1807030 0.1951324 0.1426731 0.2798466 0.2133593 0.2761022 0.1406058 0.1791870 0.2467152 0.4087871 0.1334816 0.2813204 0.1627972 0.2886613 0.3114906 0.3254880 0.3564941 0.2974684 0.3621738 0.1846554 0.3450192 0.0000000 0.3620347 
CPZ                            0.3675081 0.3010531 0.2636534 0.3557117 0.3178122 0.3198059 0.3376830 0.2596847 0.3108172 0.2515074 0.2664026 0.2362091 0.2485831 0.2981108 0.3145229 0.2463429 0.3266371 0.2524671 0.3453282 0.2506550 0.2934743 0.3019040 0.2307415 0.3708866 0.3397019 0.3073154 0.3315446 0.2937565 0.3860485 0.3284548 0.3095712 0.2907388 0.3277760 0.2989999 0.2956749 0.3620347 0.0000000 
