37
B.FR.83.HXBLAI_IIIB_BRU.K03455 0.0000000 0.0809240 0.1012306 0.1064676 0.1334296 0.1248255 0.0061432 0.1100814 0.0463321 0.0715981 0.0775150 0.0861611 0.0806957 0.1075461 0.0896114 0.0915611 0.1056080 0.0917213 0.1192767 0.0762368 0.0898977 0.0413290 0.0629886 0.1160063 0.1122027 0.0741323 0.1000221 0.1090305 0.0963985 0.0311815 0.1013630 0.1325093 0.1217456 0.1107712 0.1150727 0.1202765 0.3385047 
A                              0.0809240 0.0000000 0.0287529 0.0703989 0.0411852 0.0444648 0.0842337 0.1056728 0.0905688 0.1148040 0.1083722 0.0842947 0.1042770 0.1084760 0.1052208 0.1131830 0.0337737 0.0995162 0.1134510 0.1152646 0.1216785 0.0925833 0.1056449 0.1217635 0.0386487 0.0614938 0.0267238 0.0671808 0.0700151 0.1103240 0.1138549 0.0629144 0.1237417 0.0903061 0.1351881 0.0519050 0.3702734 
A1                             0.1012306 0.0287529 0.0000000 0.0709276 0.0554468 0.0638982 0.1048082 0.1225504 0.0977372 0.1195858 0.1130991 0.0773194 0.1124839 0.1205683 0.1105754 0.1117797 0.0519593 0.1049518 0.1113176 0.1231699 0.1408019 0.0997082 0.1273684 0.1058047 0.0572197 0.0748082 0.0392825 0.0914147 0.0644533 0.1333420 0.0984280 0.0425652 0.1292074 0.0914544 0.1441239 0.0494877 0.3845575 
A2                             0.1064676 0.0703989 0.0709276 0.0000000 0.1125885 0.1119656 0.1033526 0.1114704 0.1080138 0.1255399 0.1253984 0.1031536 0.1040608 0.1129183 0.1019367 0.1095543 0.1010081 0.1099811 0.1272487 0.1568697 0.1295940 0.1027780 0.1418426 0.1429969 0.1072346 0.0390775 0.0781828 0.0954226 0.1004533 0.1324202 0.1346797 0.0901689 0.1351853 0.1138460 0.1315922 0.0985192 0.3442275 
A3                             0.1334296 0.0411852 0.0554468 0.1125885 0.0000000 0.0875868 0.1374967 0.1416357 0.1450264 0.1633827 0.1672528 0.1229386 0.1620103 0.1431698 0.1397415 0.1638832 0.0635619 0.1576665 0.1631909 0.1623633 0.1692017 0.1391799 0.1643140 0.1590424 0.0691118 0.1078808 0.0593525 0.1229476 0.1225276 0.1707394 0.1383209 0.0889177 0.1885972 0.1422835 0.1910894 0.0723464 0.4268017 
A6                             0.1248255 0.0444648 0.0638982 0.1119656 0.0875868 0.0000000 0.1288860 0.1124634 0.1449139 0.1543486 0.1383487 0.1054935 0.1378159 0.1420821 0.1267409 0.1220378 0.0476479 0.1371497 0.1591083 0.1539535 0.1377142 0.1299606 0.1627132 0.1383114 0.0529454 0.1069742 0.0681113 0.1184841 0.1209510 0.1619798 0.1380662 0.0973362 0.1445583 0.1075872 0.1725173 0.0646193 0.4532795 
B                              0.0061432 0.0842337 0.1048082 0.1033526 0.1374967 0.1288860 0.0000000 0.1070349 0.0438809 0.0629612 0.0746872 0.0832988 0.0778434 0.1043961 0.0802129 0.0950466 0.1092774 0.0887411 0.1121311 0.0676355 0.0869892 0.0389095 0.0549431 0.1128648 0.1159349 0.0713483 0.1036715 0.1059276 0.0934540 0.0241501 0.0983274 0.1327569 0.1185033 0.1077063 0.1048904 0.1241148 0.3336204 
C                              0.1100814 0.1056728 0.1225504 0.1114704 0.1416357 0.1124634 0.1070349 0.0000000 0.1212028 0.1397844 0.1210332 0.1202410 0.0811135 0.1260800 0.1186776 0.0901410 0.1210261 0.1490691 0.1561299 0.1403058 0.0468144 0.1019065 0.1438959 0.1456364 0.1275269 0.1174452 0.1158217 0.1350802 0.1533767 0.1355654 0.1380753 0.1330801 0.1694971 0.0597095 0.1619712 0.1287435 0.3885232 
D                              0.0463321 0.0905688 0.0977372 0.1080138 0.1450264 0.1449139 0.0438809 0.1212028 0.0000000 0.0863007 0.0968207 0.0929518 0.0918441 0.1157356 0.1003578 0.1089438 0.1161829 0.1156043 0.1241252 0.0649849 0.0937458 0.0149595 0.0823457 0.1237133 0.1159801 0.0731739 0.0911994 0.1059756 0.0731936 0.0640290 0.1092929 0.1102286 0.1292133 0.1077531 0.1264685 0.1241578 0.3265376 
F1                             0.0715981 0.1148040 0.1195858 0.1255399 0.1633827 0.1543486 0.0629612 0.1397844 0.0863007 0.0000000 0.0289825 0.1036058 0.1169841 0.1126809 0.0685700 0.0986354 0.1321733 0.1100715 0.0766260 0.0366283 0.1277635 0.0768180 0.0340704 0.1363208 0.1392221 0.1166198 0.1266635 0.1168824 0.1205401 0.0515873 0.1353161 0.1376366 0.1428357 0.1412087 0.1236051 0.1480648 0.3825641 
F2                             0.0775150 0.1083722 0.1130991 0.1253984 0.1672528 0.1383487 0.0746872 0.1210332 0.0968207 0.0289825 0.0000000 0.1073687 0.1136979 0.1263836 0.0804073 0.0893015 0.1214969 0.1136321 0.0937037 0.0631111 0.1269207 0.0873144 0.0530525 0.1395266 0.1282219 0.1203469 0.1161187 0.1101028 0.1313396 0.0730790 0.1385291 0.1297676 0.1457872 0.1227281 0.1341135 0.1294871 0.3558123 
G                              0.0861611 0.0842947 0.0773194 0.1031536 0.1229386 0.1054935 0.0832988 0.1202410 0.0929518 0.1036058 0.1073687 0.0000000 0.0952590 0.1179581 0.0965451 0.0856774 0.0939692 0.0432139 0.1233094 0.1217547 0.1456892 0.1002206 0.1251938 0.0264133 0.1002611 0.1016148 0.0946072 0.1001718 0.1092550 0.1089420 0.0216511 0.1036797 0.0641122 0.0857064 0.0712275 0.1044465 0.3540602 
H                              0.0806957 0.1042770 0.1124839 0.1040608 0.1620103 0.1378159 0.0778434 0.0811135 0.0918441 0.1169841 0.1136979 0.0952590 0.0000000 0.1122875 0.0762065 0.0756327 0.1279222 0.1303837 0.1203690 0.1081318 0.0909379 0.0812499 0.1114824 0.1269498 0.1348975 0.0880273 0.1121242 0.1235756 0.1091038 0.0995659 0.1194679 0.1144290 0.1376364 0.0921375 0.1504374 0.1362601 0.3405042 
J                              0.1075461 0.1084760 0.1205683 0.1129183 0.1431698 0.1420821 0.1043961 0.1260800 0.1157356 0.1126809 0.1263836 0.1179581 0.1122875 0.0000000 0.0755510 0.1177555 0.1259043 0.1440215 0.1335204 0.1309526 0.1292136 0.1036284 0.1342765 0.1516140 0.1325132 0.1264320 0.0999491 0.1483642 0.1188261 0.1175723 0.1213774 0.1307521 0.1722665 0.1346626 0.1436510 0.1337864 0.3829202 
K                              0.0896114 0.1052208 0.1105754 0.1019367 0.1397415 0.1267409 0.0802129 0.1186776 0.1003578 0.0685700 0.0804073 0.0965451 0.0762065 0.0755510 0.0000000 0.0803524 0.1153195 0.1065133 0.0746400 0.0903154 0.1359632 0.0887602 0.0888097 0.1166958 0.1151257 0.0931610 0.1164494 0.1280411 0.1291480 0.0887430 0.1202664 0.1270252 0.1233299 0.1204200 0.1278345 0.1297810 0.3695434 
L                              0.0915611 0.1131830 0.1117797 0.1095543 0.1638832 0.1220378 0.0950466 0.0901410 0.1089438 0.0986354 0.0893015 0.0856774 0.0756327 0.1177555 0.0803524 0.0000000 0.1167383 0.1250872 0.1263116 0.1168959 0.1007898 0.0971063 0.1124043 0.1257052 0.1233192 0.1112265 0.1244416 0.1207310 0.1445584 0.1042366 0.1079744 0.1282370 0.1359693 0.0798915 0.1400013 0.1314515 0.3555055 
AE                             0.1056080 0.0337737 0.0519593 0.1010081 0.0635619 0.0476479 0.1092774 0.1210261 0.1161829 0.1321733 0.1214969 0.0939692 0.1279222 0.1259043 0.1153195 0.1167383 0.0000000 0.1309004 0.1394711 0.1318502 0.1458872 0.1106265 0.1362208 0.1319858 0.0040486 0.0930834 0.0519050 0.1028719 0.0957059 0.1386699 0.1246043 0.0856277 0.1457707 0.0965578 0.1531947 0.0213620 0.3580195 
AG                             0.0917213 0.0995162 0.1049518 0.1099811 0.1576665 0.1371497 0.0887411 0.1490691 0.1156043 0.1100715 0.1136321 0.0432139 0.1303837 0.1440215 0.1065133 0.1250872 0.1309004 0.0000000 0.1463954 0.1473760 0.1757397 0.1237740 0.1251083 0.0658788 0.1378568 0.1148734 0.1176601 0.1290450 0.1339298 0.1119847 0.0714144 0.1064636 0.0387135 0.1168422 0.0308184 0.1501359 0.3637017 
cpx                            0.1192767 0.1134510 0.1113176 0.1272487 0.1631909 0.1591083 0.1121311 0.1561299 0.1241252 0.0766260 0.0937037 0.1233094 0.1203690 0.1335204 0.0746400 0.1263116 0.1394711 0.1463954 0.0000000 0.0944494 0.1844448 0.1106784 0.1182146 0.1515112 0.1392212 0.1219568 0.1102864 0.1343866 0.1394976 0.1194362 0.1424924 0.1367247 0.1557219 0.1412670 0.1630365 0.1474725 0.4775868 
DF                             0.0762368 0.1152646 0.1231699 0.1568697 0.1623633 0.1539535 0.0676355 0.1403058 0.0649849 0.0366283 0.0631111 0.1217547 0.1081318 0.1309526 0.0903154 0.1168959 0.1318502 0.1473760 0.0944494 0.0000000 0.1214180 0.0564850 0.0575987 0.1600476 0.1388827 0.1145787 0.1304157 0.1289020 0.1114739 0.0690409 0.1480900 0.1506257 0.1593313 0.1384755 0.1593724 0.1402853 0.3768388 
BC                             0.0898977 0.1216785 0.1408019 0.1295940 0.1692017 0.1377142 0.0869892 0.0468144 0.0937458 0.1277635 0.1269207 0.1456892 0.0909379 0.1292136 0.1359632 0.1007898 0.1458872 0.1757397 0.1844448 0.1214180 0.0000000 0.0764185 0.1073636 0.1712195 0.1530404 0.0948226 0.1261692 0.1503255 0.1238851 0.1132577 0.1664369 0.1581851 0.1883899 0.0994027 0.1911342 0.1545655 0.3643277 
CD                             0.0413290 0.0925833 0.0997082 0.1027780 0.1391799 0.1299606 0.0389095 0.1019065 0.0149595 0.0768180 0.0873144 0.1002206 0.0812499 0.1036284 0.0887602 0.0971063 0.1106265 0.1237740 0.1106784 0.0564850 0.0764185 0.0000000 0.0734093 0.1321825 0.1104364 0.0691454 0.0932214 0.1079067 0.0691647 0.0585906 0.1139206 0.1121996 0.1309412 0.1096387 0.1352474 0.1183255 0.3108013 
BF                             0.0629886 0.1056449 0.1273684 0.1418426 0.1643140 0.1627132 0.0549431 0.1438959 0.0823457 0.0340704 0.0530525 0.1251938 0.1114824 0.1342765 0.0888097 0.1124043 0.1362208 0.1251083 0.1182146 0.0575987 0.1073636 0.0734093 0.0000000 0.1520781 0.1433321 0.1044872 0.1348405 0.1322948 0.1075042 0.0389320 0.1593676 0.1678485 0.1546471 0.1568282 0.1359767 0.1598545 0.3644210 
BG                             0.1160063 0.1217635 0.1058047 0.1429969 0.1590424 0.1383114 0.1128648 0.1456364 0.1237133 0.1363208 0.1395266 0.0264133 0.1269498 0.1516140 0.1166958 0.1257052 0.1319858 0.0658788 0.1515112 0.1600476 0.1712195 0.1321825 0.1520781 0.0000000 0.1389957 0.1224949 0.1179799 0.1369597 0.1350677 0.1349071 0.0415847 0.1368438 0.0820095 0.1149076 0.0977927 0.1358419 0.4163909 
01B                            0.1122027 0.0386487 0.0572197 0.1072346 0.0691118 0.0529454 0.1159349 0.1275269 0.1159801 0.1392221 0.1282219 0.1002611 0.1348975 0.1325132 0.1151257 0.1233192 0.0040486 0.1378568 0.1392212 0.1388827 0.1530404 0.1104364 0.1433321 0.1389957 0.0000000 0.0993057 0.0571580 0.1092459 0.0955433 0.1459375 0.1315263 0.0854773 0.1530971 0.1026287 0.1603733 0.0258719 0.3683671 
A2D                            0.0741323 0.0614938 0.0748082 0.0390775 0.1078808 0.1069742 0.0713483 0.1174452 0.0731739 0.1166198 0.1203469 0.1016148 0.0880273 0.1264320 0.0931610 0.1112265 0.0930834 0.1148734 0.1219568 0.1145787 0.0948226 0.0691454 0.1044872 0.1224949 0.0993057 0.0000000 0.0792247 0.0949485 0.0819989 0.0957187 0.1255724 0.0984109 0.1329931 0.1222445 0.1335362 0.0997380 0.3280151 
01A1                           0.1000221 0.0267238 0.0392825 0.0781828 0.0593525 0.0681113 0.1036715 0.1158217 0.0911994 0.1266635 0.1161187 0.0946072 0.1121242 0.0999491 0.1164494 0.1244416 0.0519050 0.1176601 0.1102864 0.1304157 0.1261692 0.0932214 0.1348405 0.1179799 0.0571580 0.0792247 0.0000000 0.0777845 0.0732478 0.1328585 0.1072424 0.0661386 0.1360908 0.0971918 0.1593786 0.0520372 0.3390804 
A5U                            0.1090305 0.0671808 0.0914147 0.0954226 0.1229476 0.1184841 0.1059276 0.1350802 0.1059756 0.1168824 0.1101028 0.1001718 0.1235756 0.1483642 0.1280411 0.1207310 0.1028719 0.1290450 0.1343866 0.1289020 0.1503255 0.1079067 0.1322948 0.1369597 0.1092459 0.0949485 0.0777845 0.0000000 0.1053312 0.1202489 0.1253245 0.1278112 0.1611276 0.1010651 0.1617345 0.1036908 0.3691064 
AD                             0.0963985 0.0700151 0.0644533 0.1004533 0.1225276 0.1209510 0.0934540 0.1533767 0.0731936 0.1205401 0.1313396 0.1092550 0.1091038 0.1188261 0.1291480 0.1445584 0.0957059 0.1339298 0.1394976 0.1114739 0.1238851 0.0691647 0.1075042 0.1350677 0.0955433 0.0819989 0.0732478 0.1053312 0.0000000 0.1203394 0.1235077 0.0931396 0.1452788 0.1364424 0.1581996 0.0994505 0.3429801 
BF1                            0.0311815 0.1103240 0.1333420 0.1324202 0.1707394 0.1619798 0.0241501 0.1355654 0.0640290 0.0515873 0.0730790 0.1089420 0.0995659 0.1175723 0.0887430 0.1042366 0.1386699 0.1119847 0.1194362 0.0690409 0.1132577 0.0585906 0.0389320 0.1349071 0.1459375 0.0957187 0.1328585 0.1202489 0.1203394 0.0000000 0.1344431 0.1671995 0.1337442 0.1364461 0.1222895 0.1551057 0.3809567 
02G                            0.1013630 0.1138549 0.0984280 0.1346797 0.1383209 0.1380662 0.0983274 0.1380753 0.1092929 0.1353161 0.1385291 0.0216511 0.1194679 0.1213774 0.1202664 0.1079744 0.1246043 0.0714144 0.1424924 0.1480900 0.1664369 0.1139206 0.1593676 0.0415847 0.1315263 0.1255724 0.1072424 0.1253245 0.1235077 0.1344431 0.0000000 0.1209977 0.0967318 0.1147092 0.0976282 0.1283990 0.3487601 
A1D                            0.1325093 0.0629144 0.0425652 0.0901689 0.0889177 0.0973362 0.1327569 0.1330801 0.1102286 0.1376366 0.1297676 0.1036797 0.1144290 0.1307521 0.1270252 0.1282370 0.0856277 0.1064636 0.1367247 0.1506257 0.1581851 0.1121996 0.1678485 0.1368438 0.0854773 0.0984109 0.0661386 0.1278112 0.0931396 0.1671995 0.1209977 0.0000000 0.1239784 0.1232696 0.1315922 0.0764827 0.3479272 
02A                            0.1217456 0.1237417 0.1292074 0.1351853 0.1885972 0.1445583 0.1185033 0.1694971 0.1292133 0.1428357 0.1457872 0.0641122 0.1376364 0.1722665 0.1233299 0.1359693 0.1457707 0.0387135 0.1557219 0.1593313 0.1883899 0.1309412 0.1546471 0.0820095 0.1530971 0.1329931 0.1360908 0.1611276 0.1452788 0.1337442 0.0967318 0.1239784 0.0000000 0.1202659 0.0571405 0.1583767 0.3590416 
C2U                            0.1107712 0.0903061 0.0914544 0.1138460 0.1422835 0.1075872 0.1077063 0.0597095 0.1077531 0.1412087 0.1227281 0.0857064 0.0921375 0.1346626 0.1204200 0.0798915 0.0965578 0.1168422 0.1412670 0.1384755 0.0994027 0.1096387 0.1568282 0.1149076 0.1026287 0.1222445 0.0971918 0.1010651 0.1364424 0.1364461 0.1147092 0.1232696 0.1202659 0.0000000 0.1382827 0.0972972 0.3502138 
02B                            0.1150727 0.1351881 0.1441239 0.1315922 0.1910894 0.1725173 0.1048904 0.1619712 0.1264685 0.1236051 0.1341135 0.0712275 0.1504374 0.1436510 0.1278345 0.1400013 0.1531947 0.0308184 0.1630365 0.1593724 0.1911342 0.1352474 0.1359767 0.0977927 0.1603733 0.1335362 0.1593786 0.1617345 0.1581996 0.1222895 0.0976282 0.1315922 0.0571405 0.1382827 0.0000000 0.1731710 0.3771593 
01C                            0.1202765 0.0519050 0.0494877 0.0985192 0.0723464 0.0646193 0.1241148 0.1287435 0.1241578 0.1480648 0.1294871 0.1044465 0.1362601 0.1337864 0.1297810 0.1314515 0.0213620 0.1501359 0.1474725 0.1402853 0.1545655 0.1183255 0.1598545 0.1358419 0.0258719 0.0997380 0.0520372 0.1036908 0.0994505 0.1551057 0.1283990 0.0764827 0.1583767 0.0972972 0.1731710 0.0000000 0.3478859 
CPZ                            0.3385047 0.3702734 0.3845575 0.3442275 0.4268017 0.4532795 0.3336204 0.3885232 0.3265376 0.3825641 0.3558123 0.3540602 0.3405042 0.3829202 0.3695434 0.3555055 0.3580195 0.3637017 0.4775868 0.3768388 0.3643277 0.3108013 0.3644210 0.4163909 0.3683671 0.3280151 0.3390804 0.3691064 0.3429801 0.3809567 0.3487601 0.3479272 0.3590416 0.3502138 0.3771593 0.3478859 0.0000000 
