37
B.FR.83.HXBLAI_IIIB_BRU.K03455 0.0000000 0.1493217 0.1778502 0.1973943 0.1917874 0.1707083 0.0189716 0.1368511 0.1118072 0.1431403 0.1784484 0.1784637 0.1369102 0.1788609 0.1448862 0.1657563 0.1961457 0.1539802 0.1796535 0.1187614 0.1319111 0.1760939 0.0231343 0.1959078 0.1884947 0.1777774 0.2018513 0.2216887 0.1171224 0.0298806 0.1802483 0.2087108 0.1727273 0.1805026 0.1025872 0.1714245 0.4620561 
A                              0.1493217 0.0000000 0.0285935 0.0781905 0.0406579 0.0353145 0.1399635 0.1171017 0.1368727 0.1063733 0.1174426 0.1094849 0.0941601 0.1367494 0.1345136 0.0989072 0.0587139 0.0435171 0.1625718 0.1320591 0.1294511 0.1271255 0.1603700 0.1333273 0.0535968 0.0851173 0.0407019 0.0813103 0.0869342 0.1495173 0.0646327 0.0729370 0.0563592 0.1606691 0.0976450 0.1083513 0.5318816 
A1                             0.1778502 0.0285935 0.0000000 0.0887647 0.0433850 0.0505340 0.1477551 0.1506260 0.1669732 0.1275365 0.1473282 0.1293778 0.1210701 0.1509518 0.1321930 0.1258309 0.0502319 0.0568581 0.1646521 0.1560199 0.1726549 0.1617216 0.1816077 0.1549951 0.0453065 0.0960185 0.0484595 0.0897144 0.0893538 0.1780742 0.0803966 0.0376656 0.0720749 0.1844861 0.1321743 0.1128831 0.5069730 
A2                             0.1973943 0.0781905 0.0887647 0.0000000 0.0860154 0.1089842 0.1667603 0.1425715 0.1747022 0.1289313 0.1638179 0.1393552 0.1151678 0.1681667 0.1588366 0.1297399 0.0999196 0.0877009 0.1749127 0.1696725 0.1404857 0.1391783 0.1933076 0.1763043 0.0942461 0.0307312 0.1078758 0.1123057 0.1378932 0.1820795 0.1097024 0.1215983 0.1343119 0.1659893 0.1291713 0.1399694 0.5043243 
A3                             0.1917874 0.0406579 0.0433850 0.0860154 0.0000000 0.0679335 0.1606045 0.1438564 0.1883372 0.1155107 0.1348285 0.1261223 0.1111491 0.1422130 0.1266362 0.1266380 0.0645007 0.0590393 0.1544067 0.1414953 0.1716460 0.1545967 0.1956255 0.1611309 0.0592512 0.0873528 0.0564100 0.0869289 0.1242812 0.1920254 0.0956650 0.0910982 0.0826056 0.1758607 0.1379501 0.1270628 0.5491444 
A6                             0.1707083 0.0353145 0.0505340 0.1089842 0.0679335 0.0000000 0.1689835 0.1541048 0.1667672 0.1224599 0.1336347 0.1293890 0.1252355 0.1722257 0.1519145 0.1082012 0.0838225 0.0650958 0.1968582 0.1721430 0.1758424 0.1650233 0.1893624 0.1544199 0.0782824 0.1171873 0.0700637 0.1056895 0.1057363 0.1783972 0.0843986 0.0803201 0.0336526 0.1716398 0.1267997 0.1461619 0.5487654 
B                              0.0189716 0.1399635 0.1477551 0.1667603 0.1606045 0.1689835 0.0000000 0.1355495 0.0976049 0.1273807 0.1611211 0.1610692 0.1218647 0.1618011 0.1288334 0.1639213 0.1651163 0.1263488 0.1545180 0.1040203 0.1168058 0.1678767 0.0167854 0.1777841 0.1578984 0.1489657 0.1691860 0.1954629 0.1025494 0.0234285 0.1634131 0.1841214 0.1636653 0.1636542 0.1008775 0.1654759 0.4653029 
C                              0.1368511 0.1171017 0.1506260 0.1425715 0.1438564 0.1541048 0.1355495 0.0000000 0.1221312 0.1029697 0.1091607 0.1004659 0.0918920 0.1166873 0.1091908 0.1199720 0.1736543 0.1026780 0.1309892 0.1198085 0.0405929 0.0568726 0.1333758 0.1443681 0.1663602 0.1132076 0.1722264 0.1527447 0.1253253 0.1236481 0.1088058 0.1988169 0.1331924 0.0864307 0.1232739 0.1030048 0.5580578 
D                              0.1118072 0.1368727 0.1669732 0.1747022 0.1883372 0.1667672 0.0976049 0.1221312 0.0000000 0.1389471 0.1401199 0.1453561 0.1297225 0.1673853 0.1413149 0.1722140 0.2077036 0.1345073 0.1836678 0.1040056 0.1348841 0.1153376 0.1086637 0.1806579 0.1996717 0.1556900 0.2060775 0.2125942 0.0843485 0.0997785 0.1428709 0.2285970 0.1608122 0.1650387 0.1251944 0.1868543 0.4117200 
F1                             0.1431403 0.1063733 0.1275365 0.1289313 0.1155107 0.1224599 0.1273807 0.1029697 0.1389471 0.0000000 0.0602227 0.0885338 0.0992965 0.1480152 0.0777471 0.1216640 0.1408213 0.0902169 0.0970071 0.0672974 0.1407233 0.1448755 0.1395587 0.1388326 0.1340174 0.1074543 0.1346862 0.1382500 0.1378705 0.1295571 0.1068295 0.1879793 0.1052941 0.1247239 0.0984309 0.1304425 0.4898929 
F2                             0.1784484 0.1174426 0.1473282 0.1638179 0.1348285 0.1336347 0.1611211 0.1091607 0.1401199 0.0602227 0.0000000 0.0887131 0.1198628 0.1460479 0.1004551 0.1333033 0.1755700 0.1072424 0.1192794 0.0902856 0.1635186 0.1319945 0.1743924 0.1387293 0.1681322 0.1321635 0.1525798 0.1669750 0.1519378 0.1555936 0.1045105 0.2039586 0.1114715 0.1361649 0.1158203 0.1615461 0.5459407 
G                              0.1784637 0.1094849 0.1293778 0.1393552 0.1261223 0.1293890 0.1610692 0.1004659 0.1453561 0.0885338 0.0887131 0.0000000 0.1004413 0.0655579 0.1222756 0.1192502 0.1445314 0.0808312 0.1434265 0.1164321 0.1322089 0.1171579 0.1743908 0.0423071 0.1376283 0.1096318 0.1364524 0.1399730 0.1395491 0.1555242 0.0617693 0.1697908 0.1132504 0.1347844 0.1132241 0.1182727 0.5028569 
H                              0.1369102 0.0941601 0.1210701 0.1151678 0.1111491 0.1252355 0.1218647 0.0918920 0.1297225 0.0992965 0.1198628 0.1004413 0.0000000 0.1141938 0.1321806 0.1037122 0.1335234 0.1017335 0.1346479 0.1287870 0.1084466 0.1227744 0.1335095 0.1265165 0.1271558 0.1171962 0.1433242 0.1381875 0.1143867 0.1239867 0.1240078 0.1852943 0.1319876 0.1289845 0.1342219 0.1197656 0.4773127 
J                              0.1788609 0.1367494 0.1509518 0.1681667 0.1422130 0.1722257 0.1618011 0.1166873 0.1673853 0.1480152 0.1460479 0.0655579 0.1141938 0.0000000 0.1515775 0.1201086 0.1874319 0.1112003 0.1743055 0.1577286 0.1283764 0.1388533 0.1825530 0.0967745 0.1797313 0.1516215 0.1831902 0.1509231 0.1482685 0.1790819 0.1023384 0.1786238 0.1406166 0.1794062 0.1439925 0.1536508 0.4904884 
K                              0.1448862 0.1345136 0.1321930 0.1588366 0.1266362 0.1519145 0.1288334 0.1091908 0.1413149 0.0777471 0.1004551 0.1222756 0.1321806 0.1515775 0.0000000 0.1387540 0.1578719 0.1366306 0.0602227 0.1171321 0.1337784 0.1290642 0.1483247 0.1448156 0.1507220 0.1278271 0.1582817 0.1729411 0.1568162 0.1450718 0.1365304 0.1953960 0.1384973 0.1487976 0.1313311 0.1440818 0.4715864 
L                              0.1657563 0.0989072 0.1258309 0.1297399 0.1266380 0.1082012 0.1639213 0.1199720 0.1722140 0.1216640 0.1333033 0.1192502 0.1037122 0.1201086 0.1387540 0.0000000 0.1536871 0.1068122 0.1698822 0.1534034 0.1393088 0.1398699 0.1771641 0.1437575 0.1468002 0.1316231 0.1212143 0.1163853 0.1222154 0.1736672 0.1136900 0.1533432 0.1058315 0.1435437 0.1450340 0.1527242 0.5402473 
AE                             0.1961457 0.0587139 0.0502319 0.0999196 0.0645007 0.0838225 0.1651163 0.1736543 0.2077036 0.1408213 0.1755700 0.1445314 0.1335234 0.1874319 0.1578719 0.1536871 0.0000000 0.0855771 0.1830396 0.1837867 0.1828745 0.1800364 0.1999492 0.1712793 0.0040481 0.1136231 0.0751667 0.1102953 0.1360372 0.1963845 0.1206548 0.0865755 0.1098568 0.2075848 0.1578556 0.1226088 0.6018740 
AG                             0.1539802 0.0435171 0.0568581 0.0877009 0.0590393 0.0650958 0.1263488 0.1026780 0.1345073 0.0902169 0.1072424 0.0808312 0.1017335 0.1112003 0.1366306 0.1068122 0.0855771 0.0000000 0.1498310 0.1163392 0.1141906 0.1210692 0.1502103 0.1309802 0.0798899 0.0695947 0.0708399 0.0821066 0.0886283 0.1469069 0.0357849 0.0957582 0.0561000 0.1370344 0.0745770 0.1026497 0.4905615 
cpx                            0.1796535 0.1625718 0.1646521 0.1749127 0.1544067 0.1968582 0.1545180 0.1309892 0.1836678 0.0970071 0.1192794 0.1434265 0.1346479 0.1743055 0.0602227 0.1698822 0.1830396 0.1498310 0.0000000 0.1506100 0.1582802 0.1567138 0.1678030 0.1764334 0.1753667 0.1412615 0.2059523 0.1982671 0.1880771 0.1643107 0.1594285 0.2357532 0.1832112 0.1844536 0.1621087 0.1536391 0.4825951 
DF                             0.1187614 0.1320591 0.1560199 0.1696725 0.1414953 0.1721430 0.1040203 0.1198085 0.1040056 0.0672974 0.0902856 0.1164321 0.1287870 0.1577286 0.1171321 0.1534034 0.1837867 0.1163392 0.1506100 0.0000000 0.1434396 0.1527951 0.1154802 0.1721125 0.1761097 0.1392641 0.1639738 0.1856194 0.1347300 0.1062305 0.1153290 0.2068970 0.1523072 0.1598861 0.1004489 0.1806155 0.4406121 
BC                             0.1319111 0.1294511 0.1726549 0.1404857 0.1716460 0.1758424 0.1168058 0.0405929 0.1348841 0.1407233 0.1635186 0.1322089 0.1084466 0.1283764 0.1337784 0.1393088 0.1828745 0.1141906 0.1582802 0.1434396 0.0000000 0.0913031 0.1285107 0.1609107 0.1754250 0.1314670 0.1874408 0.1858851 0.1311964 0.1254836 0.1205698 0.2156971 0.1595592 0.1080382 0.1506896 0.1236049 0.5141708 
CD                             0.1760939 0.1271255 0.1617216 0.1391783 0.1545967 0.1650233 0.1678767 0.0568726 0.1153376 0.1448755 0.1319945 0.1171579 0.1227744 0.1388533 0.1290642 0.1398699 0.1800364 0.1210692 0.1567138 0.1527951 0.0913031 0.0000000 0.1650111 0.1620122 0.1727345 0.1255335 0.1793875 0.1543521 0.1350010 0.1545649 0.1233135 0.2120122 0.1312851 0.1210579 0.1541656 0.1377841 0.4794643 
BF                             0.0231343 0.1603700 0.1816077 0.1933076 0.1956255 0.1893624 0.0167854 0.1333758 0.1086637 0.1395587 0.1743924 0.1743908 0.1335095 0.1825530 0.1483247 0.1771641 0.1999492 0.1502103 0.1678030 0.1154802 0.1285107 0.1650111 0.0000000 0.1916031 0.1922732 0.1738983 0.2058385 0.2171297 0.1138821 0.0144887 0.1687873 0.2126390 0.1762597 0.1690310 0.1057324 0.1551004 0.4558998 
BG                             0.1959078 0.1333273 0.1549951 0.1763043 0.1611309 0.1544199 0.1777841 0.1443681 0.1806579 0.1388326 0.1387293 0.0423071 0.1265165 0.0967745 0.1448156 0.1437575 0.1712793 0.1309802 0.1764334 0.1721125 0.1609107 0.1620122 0.1916031 0.0000000 0.1640375 0.1569948 0.1547028 0.1773971 0.1729728 0.1879265 0.1003733 0.1973424 0.1433264 0.1601996 0.1547007 0.1347879 0.5538841 
01B                            0.1884947 0.0535968 0.0453065 0.0942461 0.0592512 0.0782824 0.1578984 0.1663602 0.1996717 0.1340174 0.1681322 0.1376283 0.1271558 0.1797313 0.1507220 0.1468002 0.0040481 0.0798899 0.1753667 0.1761097 0.1754250 0.1727345 0.1922732 0.1640375 0.0000000 0.1076811 0.0697705 0.1042282 0.1295126 0.1887269 0.1142379 0.0866862 0.1036703 0.1998634 0.1507054 0.1160985 0.5892223 
A2D                            0.1777774 0.0851173 0.0960185 0.0307312 0.0873528 0.1171873 0.1489657 0.1132076 0.1556900 0.1074543 0.1321635 0.1096318 0.1171962 0.1516215 0.1278271 0.1316231 0.1136231 0.0695947 0.1412615 0.1392641 0.1314670 0.1255335 0.1738983 0.1569948 0.1076811 0.0000000 0.1159575 0.1041880 0.1331352 0.1558990 0.0890771 0.1435879 0.1195235 0.1419250 0.1070724 0.1241390 0.4804720 
01A1                           0.2018513 0.0407019 0.0484595 0.1078758 0.0564100 0.0700637 0.1691860 0.1722264 0.2060775 0.1346862 0.1525798 0.1364524 0.1433242 0.1831902 0.1582817 0.1212143 0.0751667 0.0708399 0.2059523 0.1639738 0.1874408 0.1793875 0.2058385 0.1547028 0.0697705 0.1159575 0.0000000 0.1008266 0.1266153 0.2105033 0.1021473 0.0913862 0.0744502 0.1794796 0.1374884 0.1464643 0.5515977 
A5U                            0.2216887 0.0813103 0.0897144 0.1123057 0.0869289 0.1056895 0.1954629 0.1527447 0.2125942 0.1382500 0.1669750 0.1399730 0.1381875 0.1509231 0.1729411 0.1163853 0.1102953 0.0821066 0.1982671 0.1856194 0.1858851 0.1543521 0.2171297 0.1773971 0.1042282 0.1041880 0.1008266 0.0000000 0.1460563 0.2219683 0.1078526 0.1331253 0.0972230 0.1795446 0.1790605 0.1695197 0.5056842 
AD                             0.1171224 0.0869342 0.0893538 0.1378932 0.1242812 0.1057363 0.1025494 0.1253253 0.0843485 0.1378705 0.1519378 0.1395491 0.1143867 0.1482685 0.1568162 0.1222154 0.1360372 0.0886283 0.1880771 0.1347300 0.1311964 0.1350010 0.1138821 0.1729728 0.1295126 0.1331352 0.1266153 0.1460563 0.0000000 0.1109655 0.1113767 0.1123869 0.1138596 0.1418570 0.1078584 0.1337052 0.4842111 
BF1                            0.0298806 0.1495173 0.1780742 0.1820795 0.1920254 0.1783972 0.0234285 0.1236481 0.0997785 0.1295571 0.1555936 0.1555242 0.1239867 0.1790819 0.1450718 0.1736672 0.1963845 0.1469069 0.1643107 0.1062305 0.1254836 0.1545649 0.0144887 0.1879265 0.1887269 0.1558990 0.2105033 0.2219683 0.1109655 0.0000000 0.1580034 0.2172483 0.1803282 0.1509044 0.0963639 0.1591542 0.4747078 
02G                            0.1802483 0.0646327 0.0803966 0.1097024 0.0956650 0.0843986 0.1634131 0.1088058 0.1428709 0.1068295 0.1045105 0.0617693 0.1240078 0.1023384 0.1365304 0.1136900 0.1206548 0.0357849 0.1594285 0.1153290 0.1205698 0.1233135 0.1687873 0.1003733 0.1142379 0.0890771 0.1021473 0.1078526 0.1113767 0.1580034 0.0000000 0.1238269 0.0770898 0.1358332 0.0979504 0.1239725 0.4832911 
A1D                            0.2087108 0.0729370 0.0376656 0.1215983 0.0910982 0.0803201 0.1841214 0.1988169 0.2285970 0.1879793 0.2039586 0.1697908 0.1852943 0.1786238 0.1953960 0.1533432 0.0865755 0.0957582 0.2357532 0.2068970 0.2156971 0.2120122 0.2126390 0.1973424 0.0866862 0.1435879 0.0913862 0.1331253 0.1123869 0.2172483 0.1238269 0.0000000 0.1073298 0.2228043 0.1789908 0.1677085 0.5695393 
02A                            0.1727273 0.0563592 0.0720749 0.1343119 0.0826056 0.0336526 0.1636653 0.1331924 0.1608122 0.1052941 0.1114715 0.1132504 0.1319876 0.1406166 0.1384973 0.1058315 0.1098568 0.0561000 0.1832112 0.1523072 0.1595592 0.1312851 0.1762597 0.1433264 0.1036703 0.1195235 0.0744502 0.0972230 0.1138596 0.1803282 0.0770898 0.1073298 0.0000000 0.1455266 0.1114295 0.1281248 0.4971804 
C2U                            0.1805026 0.1606691 0.1844861 0.1659893 0.1758607 0.1716398 0.1636542 0.0864307 0.1650387 0.1247239 0.1361649 0.1347844 0.1289845 0.1794062 0.1487976 0.1435437 0.2075848 0.1370344 0.1844536 0.1598861 0.1080382 0.1210579 0.1690310 0.1601996 0.1998634 0.1419250 0.1794796 0.1795446 0.1418570 0.1509044 0.1358332 0.2228043 0.1455266 0.0000000 0.1458573 0.1523023 0.5272838 
02B                            0.1025872 0.0976450 0.1321743 0.1291713 0.1379501 0.1267997 0.1008775 0.1232739 0.1251944 0.0984309 0.1158203 0.1132241 0.1342219 0.1439925 0.1313311 0.1450340 0.1578556 0.0745770 0.1621087 0.1004489 0.1506896 0.1541656 0.1057324 0.1547007 0.1507054 0.1070724 0.1374884 0.1790605 0.1078584 0.0963639 0.0979504 0.1789908 0.1114295 0.1458573 0.0000000 0.1298543 0.4832108 
01C                            0.1714245 0.1083513 0.1128831 0.1399694 0.1270628 0.1461619 0.1654759 0.1030048 0.1868543 0.1304425 0.1615461 0.1182727 0.1197656 0.1536508 0.1440818 0.1527242 0.1226088 0.1026497 0.1536391 0.1806155 0.1236049 0.1377841 0.1551004 0.1347879 0.1160985 0.1241390 0.1464643 0.1695197 0.1337052 0.1591542 0.1239725 0.1677085 0.1281248 0.1523023 0.1298543 0.0000000 0.5554729 
CPZ                            0.4620561 0.5318816 0.5069730 0.5043243 0.5491444 0.5487654 0.4653029 0.5580578 0.4117200 0.4898929 0.5459407 0.5028569 0.4773127 0.4904884 0.4715864 0.5402473 0.6018740 0.4905615 0.4825951 0.4406121 0.5141708 0.4794643 0.4558998 0.5538841 0.5892223 0.4804720 0.5515977 0.5056842 0.4842111 0.4747078 0.4832911 0.5695393 0.4971804 0.5272838 0.4832108 0.5554729 0.0000000 
