37
B.FR.83.HXBLAI_IIIB_BRU.K03455 0.0000000 0.3182545 0.3267976 0.4028328 0.3593298 0.4632091 0.0914465 0.3314547 0.2256720 0.3676447 0.3253868 0.3337593 0.3219265 0.4320427 0.3892114 0.3363969 0.4124305 0.2997321 0.4287495 0.4535591 0.4449800 0.3335149 0.4781466 0.1394875 0.1193947 0.4494471 0.4518181 0.3835806 0.3625737 0.3808680 0.4588191 0.3749147 0.3387686 0.3513778 0.4366893 0.5077116 0.9400781 
A                              0.3182545 0.0000000 0.0623529 0.1097119 0.1256498 0.1620969 0.2167673 0.2581411 0.1983560 0.1911413 0.2096362 0.2213946 0.2227557 0.2820981 0.2269731 0.2014693 0.2283234 0.0720617 0.2947258 0.2850263 0.3069308 0.2428195 0.2709653 0.2545899 0.3145348 0.1533485 0.1935582 0.1647064 0.1206529 0.2634116 0.3557417 0.1995098 0.1978993 0.2582624 0.1829520 0.2814235 0.6941615 
A1                             0.3267976 0.0623529 0.0000000 0.1385045 0.1232592 0.1804212 0.2244588 0.2292191 0.2225667 0.1990177 0.2042014 0.2164939 0.2189219 0.2846697 0.2454815 0.2007004 0.1903911 0.0600347 0.2964068 0.3231400 0.3313865 0.2746930 0.2891617 0.2427330 0.3100331 0.1704333 0.1730458 0.1449653 0.1077689 0.2788708 0.3380715 0.1431602 0.2084612 0.2583788 0.1763256 0.2597069 0.7075535 
A2                             0.4028328 0.1097119 0.1385045 0.0000000 0.1770186 0.2342067 0.2791606 0.3067542 0.2436000 0.3173148 0.2997111 0.2882972 0.2437979 0.3662490 0.2977796 0.2394979 0.2855921 0.1632961 0.4006084 0.3366739 0.3573624 0.2911762 0.3590809 0.3210865 0.3816210 0.0809544 0.2458373 0.2291677 0.1603290 0.3320188 0.3711931 0.2600544 0.2716625 0.3444353 0.2593005 0.3022204 0.7667425 
A3                             0.3593298 0.1256498 0.1232592 0.1770186 0.0000000 0.2269445 0.2340430 0.2749689 0.2391128 0.2584314 0.2578805 0.2418456 0.2505073 0.3152225 0.2588223 0.2598177 0.2314092 0.1426546 0.3488464 0.3634646 0.3526090 0.3033519 0.3518225 0.2825649 0.3556640 0.2268261 0.2499493 0.1975165 0.2260912 0.3427897 0.3663048 0.1998708 0.2622252 0.3028902 0.2096680 0.3247911 0.8034794 
A6                             0.4632091 0.1620969 0.1804212 0.2342067 0.2269445 0.0000000 0.3206425 0.3563514 0.3076033 0.3166428 0.3204540 0.2981569 0.3104704 0.4384631 0.3665297 0.3224468 0.3070394 0.2031305 0.4078169 0.3882261 0.4089033 0.3589635 0.3614233 0.3631291 0.3827725 0.2328335 0.2546396 0.2543274 0.2500880 0.3421268 0.4249293 0.2912717 0.3397822 0.3143795 0.3229500 0.3924605 0.7435857 
B                              0.0914465 0.2167673 0.2244588 0.2791606 0.2340430 0.3206425 0.0000000 0.2106071 0.1449556 0.2507888 0.1818866 0.1942495 0.2084613 0.3113494 0.2814632 0.2182526 0.2739096 0.1920388 0.3492406 0.3341375 0.3280432 0.2279391 0.3119900 0.0698095 0.0907670 0.3309622 0.3001334 0.2785308 0.2338437 0.2759898 0.3048821 0.3114757 0.2403444 0.2640044 0.3109212 0.3539689 0.7139146 
C                              0.3314547 0.2581411 0.2292191 0.3067542 0.2749689 0.3563514 0.2106071 0.0000000 0.2682643 0.2230792 0.1723690 0.1976448 0.2302524 0.2622725 0.2898155 0.2396364 0.2442314 0.2242929 0.3389157 0.3276271 0.1242317 0.3046241 0.2899941 0.2542704 0.3257529 0.3351227 0.2895577 0.2933819 0.2752975 0.2655222 0.2915493 0.3136727 0.3285598 0.1504735 0.2906488 0.2954772 0.7206939 
D                              0.2256720 0.1983560 0.2225667 0.2436000 0.2391128 0.3076033 0.1449556 0.2682643 0.0000000 0.2361479 0.2232989 0.2310445 0.2824385 0.2966237 0.2721158 0.2244315 0.2933353 0.1909510 0.3893480 0.3264259 0.3439361 0.1099551 0.3086702 0.2285513 0.2058598 0.3064595 0.2809191 0.2571079 0.1856694 0.2979113 0.3892506 0.3227280 0.2453639 0.2774175 0.2807088 0.3525742 0.6019888 
F1                             0.3676447 0.1911413 0.1990177 0.3173148 0.2584314 0.3166428 0.2507888 0.2230792 0.2361479 0.0000000 0.1237336 0.2473746 0.2278360 0.3169287 0.2603636 0.2629222 0.2060931 0.1956298 0.3366109 0.0879315 0.3363371 0.3560195 0.0505028 0.3186665 0.3613008 0.3492664 0.2785587 0.2786819 0.2468485 0.0597386 0.3393980 0.2935297 0.3639169 0.2697654 0.3340852 0.3073630 0.7762489 
F2                             0.3253868 0.2096362 0.2042014 0.2997111 0.2578805 0.3204540 0.1818866 0.1723690 0.2232989 0.1237336 0.0000000 0.1858807 0.2079921 0.2752627 0.1906366 0.2241871 0.2550722 0.1927139 0.2458387 0.2062928 0.2876304 0.2901611 0.1876933 0.2290377 0.3100481 0.2989729 0.2444950 0.2609504 0.2441798 0.2060390 0.2332074 0.2911379 0.2969088 0.2750017 0.3125317 0.3334927 0.6857470 
G                              0.3337593 0.2213946 0.2164939 0.2882972 0.2418456 0.2981569 0.1942495 0.1976448 0.2310445 0.2473746 0.1858807 0.0000000 0.1984088 0.2178646 0.2658407 0.1830735 0.2543593 0.2199215 0.2555283 0.3098423 0.3414217 0.2978770 0.3127231 0.2435505 0.2932693 0.2832008 0.3005598 0.2623678 0.2581725 0.2570360 0.1165740 0.3143351 0.3151920 0.3017369 0.3188175 0.3063436 0.6921595 
H                              0.3219265 0.2227557 0.2189219 0.2437979 0.2505073 0.3104704 0.2084613 0.2302524 0.2824385 0.2278360 0.2079921 0.1984088 0.0000000 0.2826875 0.2355088 0.2346954 0.2819399 0.1981295 0.3094618 0.2825357 0.3256567 0.3352178 0.3100755 0.2740762 0.2933746 0.2461378 0.3054031 0.2634107 0.3177226 0.2671758 0.3498115 0.3352436 0.2975657 0.2510582 0.3172462 0.3704588 0.7107625 
J                              0.4320427 0.2820981 0.2846697 0.3662490 0.3152225 0.4384631 0.3113494 0.2622725 0.2966237 0.3169287 0.2752627 0.2178646 0.2826875 0.0000000 0.3489701 0.2866140 0.3765345 0.3110486 0.3472800 0.3870595 0.3854347 0.3580696 0.4328018 0.3727193 0.4209403 0.4027619 0.3864830 0.3263567 0.3219041 0.3386987 0.3095257 0.4130855 0.4372260 0.3393485 0.3522808 0.4362379 0.8021491 
K                              0.3892114 0.2269731 0.2454815 0.2977796 0.2588223 0.3665297 0.2814632 0.2898155 0.2721158 0.2603636 0.1906366 0.2658407 0.2355088 0.3489701 0.0000000 0.2553325 0.3424205 0.2561303 0.3192520 0.2910644 0.4275283 0.3377348 0.3631085 0.3381691 0.3592221 0.3408029 0.3717069 0.2862734 0.2970603 0.2802773 0.3425238 0.3470574 0.3323894 0.3132550 0.3082477 0.3560309 0.7944898 
L                              0.3363969 0.2014693 0.2007004 0.2394979 0.2598177 0.3224468 0.2182526 0.2396364 0.2244315 0.2629222 0.2241871 0.1830735 0.2346954 0.2866140 0.2553325 0.0000000 0.2794533 0.1806235 0.3255682 0.3678424 0.3333367 0.2845327 0.3087801 0.3043698 0.2997819 0.2666493 0.2648540 0.2219918 0.2317000 0.3048751 0.3093647 0.2857431 0.2489439 0.2604059 0.2748384 0.2907196 0.6485347 
AE                             0.4124305 0.2283234 0.1903911 0.2855921 0.2314092 0.3070394 0.2739096 0.2442314 0.2933353 0.2060931 0.2550722 0.2543593 0.2819399 0.3765345 0.3424205 0.2794533 0.0000000 0.2114952 0.3284312 0.3087703 0.3291502 0.3828799 0.2776554 0.3513051 0.4063359 0.3232370 0.2182915 0.2398352 0.2376573 0.2445432 0.3091025 0.2896591 0.3267053 0.3238278 0.3107700 0.0985176 0.7244312 
AG                             0.2997321 0.0720617 0.0600347 0.1632961 0.1426546 0.2031305 0.1920388 0.2242929 0.1909510 0.1956298 0.1927139 0.2199215 0.1981295 0.3110486 0.2561303 0.1806235 0.2114952 0.0000000 0.2923509 0.3112488 0.2903706 0.2766462 0.2629472 0.2305171 0.2889002 0.1897571 0.1937478 0.1489905 0.1156970 0.2564893 0.3149778 0.1759697 0.2115966 0.2496040 0.1745203 0.2548916 0.6754691 
cpx                            0.4287495 0.2947258 0.2964068 0.4006084 0.3488464 0.4078169 0.3492406 0.3389157 0.3893480 0.3366109 0.2458387 0.2555283 0.3094618 0.3472800 0.3192520 0.3255682 0.3284312 0.2923509 0.0000000 0.3864486 0.4920300 0.4089481 0.4451815 0.3893574 0.4599786 0.3715927 0.3356569 0.3505888 0.3305015 0.4220042 0.3224697 0.3653190 0.4398066 0.4211286 0.3591763 0.4220050 0.8361626 
DF                             0.4535591 0.2850263 0.3231400 0.3366739 0.3634646 0.3882261 0.3341375 0.3276271 0.3264259 0.0879315 0.2062928 0.3098423 0.2825357 0.3870595 0.2910644 0.3678424 0.3087703 0.3112488 0.3864486 0.0000000 0.3869710 0.3869892 0.1328014 0.4037488 0.4296034 0.3716227 0.3965370 0.3903925 0.3413453 0.1520845 0.4145218 0.3895196 0.3951860 0.3351640 0.3776990 0.3704062 0.9060424 
BC                             0.4449800 0.3069308 0.3313865 0.3573624 0.3526090 0.4089033 0.3280432 0.1242317 0.3439361 0.3363371 0.2876304 0.3414217 0.3256567 0.3854347 0.4275283 0.3333367 0.3291502 0.2903706 0.4920300 0.3869710 0.0000000 0.3762924 0.3780786 0.4184112 0.4379968 0.3603494 0.4182574 0.3664655 0.3585818 0.3656660 0.4543034 0.4007807 0.3714329 0.2769208 0.3813063 0.3575111 0.8243108 
CD                             0.3335149 0.2428195 0.2746930 0.2911762 0.3033519 0.3589635 0.2279391 0.3046241 0.1099551 0.3560195 0.2901611 0.2978770 0.3352178 0.3580696 0.3377348 0.2845327 0.3828799 0.2766462 0.4089481 0.3869892 0.3762924 0.0000000 0.3649818 0.3097711 0.3106960 0.3885403 0.3495948 0.3556425 0.2527092 0.3319018 0.3661822 0.3673511 0.3066133 0.3707025 0.3467183 0.4140115 0.7729322 
BF                             0.4781466 0.2709653 0.2891617 0.3590809 0.3518225 0.3614233 0.3119900 0.2899941 0.3086702 0.0505028 0.1876933 0.3127231 0.3100755 0.4328018 0.3631085 0.3087801 0.2776554 0.2629472 0.4451815 0.1328014 0.3780786 0.3649818 0.0000000 0.3546331 0.4456108 0.3923749 0.3245727 0.3735941 0.3351949 0.0821773 0.4279737 0.3990855 0.3848146 0.3136656 0.3731113 0.4211154 0.9090938 
BG                             0.1394875 0.2545899 0.2427330 0.3210865 0.2825649 0.3631291 0.0698095 0.2542704 0.2285513 0.3186665 0.2290377 0.2435505 0.2740762 0.3727193 0.3381691 0.3043698 0.3513051 0.2305171 0.3893574 0.4037488 0.4184112 0.3097711 0.3546331 0.0000000 0.1378039 0.3764680 0.3038126 0.3089530 0.2943482 0.3136179 0.3388950 0.3556569 0.3468537 0.2987689 0.3581213 0.4112732 0.7655502 
01B                            0.1193947 0.3145348 0.3100331 0.3816210 0.3556640 0.3827725 0.0907670 0.3257529 0.2058598 0.3613008 0.3100481 0.2932693 0.2933746 0.4209403 0.3592221 0.2997819 0.4063359 0.2889002 0.4599786 0.4296034 0.4379968 0.3106960 0.4456108 0.1378039 0.0000000 0.3888699 0.4077205 0.3676522 0.3473143 0.3410189 0.4052074 0.4138187 0.3370876 0.3225656 0.4387509 0.4475359 0.8385490 
A2D                            0.4494471 0.1533485 0.1704333 0.0809544 0.2268261 0.2328335 0.3309622 0.3351227 0.3064595 0.3492664 0.2989729 0.2832008 0.2461378 0.4027619 0.3408029 0.2666493 0.3232370 0.1897571 0.3715927 0.3716227 0.3603494 0.3885403 0.3923749 0.3764680 0.3888699 0.0000000 0.2541976 0.2514712 0.2139351 0.3536392 0.3794811 0.2803768 0.3229444 0.3512421 0.3747996 0.3638173 0.8873049 
01A1                           0.4518181 0.1935582 0.1730458 0.2458373 0.2499493 0.2546396 0.3001334 0.2895577 0.2809191 0.2785587 0.2444950 0.3005598 0.3054031 0.3864830 0.3717069 0.2648540 0.2182915 0.1937478 0.3356569 0.3965370 0.4182574 0.3495948 0.3245727 0.3038126 0.4077205 0.2541976 0.0000000 0.2647789 0.2082345 0.3303935 0.3790820 0.2771596 0.3474823 0.3547698 0.3022653 0.3056712 0.6763979 
A5U                            0.3835806 0.1647064 0.1449653 0.2291677 0.1975165 0.2543274 0.2785308 0.2933819 0.2571079 0.2786819 0.2609504 0.2623678 0.2634107 0.3263567 0.2862734 0.2219918 0.2398352 0.1489905 0.3505888 0.3903925 0.3664655 0.3556425 0.3735941 0.3089530 0.3676522 0.2514712 0.2647789 0.0000000 0.2238189 0.3366583 0.3579097 0.2447570 0.2552741 0.3267446 0.2461787 0.3287122 0.6828489 
AD                             0.3625737 0.1206529 0.1077689 0.1603290 0.2260912 0.2500880 0.2338437 0.2752975 0.1856694 0.2468485 0.2441798 0.2581725 0.3177226 0.3219041 0.2970603 0.2317000 0.2376573 0.1156970 0.3305015 0.3413453 0.3585818 0.2527092 0.3351949 0.2943482 0.3473143 0.2139351 0.2082345 0.2238189 0.0000000 0.3039752 0.3302055 0.2590434 0.2165971 0.2485661 0.2138636 0.2806864 0.6739446 
BF1                            0.3808680 0.2634116 0.2788708 0.3320188 0.3427897 0.3421268 0.2759898 0.2655222 0.2979113 0.0597386 0.2060390 0.2570360 0.2671758 0.3386987 0.2802773 0.3048751 0.2445432 0.2564893 0.4220042 0.1520845 0.3656660 0.3319018 0.0821773 0.3136179 0.3410189 0.3536392 0.3303935 0.3366583 0.3039752 0.0000000 0.3912502 0.3761223 0.3339045 0.2698931 0.3389060 0.3180889 0.7749744 
02G                            0.4588191 0.3557417 0.3380715 0.3711931 0.3663048 0.4249293 0.3048821 0.2915493 0.3892506 0.3393980 0.2332074 0.1165740 0.3498115 0.3095257 0.3425238 0.3093647 0.3091025 0.3149778 0.3224697 0.4145218 0.4543034 0.3661822 0.4279737 0.3388950 0.4052074 0.3794811 0.3790820 0.3579097 0.3302055 0.3912502 0.0000000 0.4229238 0.4257325 0.3888133 0.3632332 0.3956666 0.7817386 
A1D                            0.3749147 0.1995098 0.1431602 0.2600544 0.1998708 0.2912717 0.3114757 0.3136727 0.3227280 0.2935297 0.2911379 0.3143351 0.3352436 0.4130855 0.3470574 0.2857431 0.2896591 0.1759697 0.3653190 0.3895196 0.4007807 0.3673511 0.3990855 0.3556569 0.4138187 0.2803768 0.2771596 0.2447570 0.2590434 0.3761223 0.4229238 0.0000000 0.3090906 0.3084074 0.2902519 0.3516444 0.7954652 
02A                            0.3387686 0.1978993 0.2084612 0.2716625 0.2622252 0.3397822 0.2403444 0.3285598 0.2453639 0.3639169 0.2969088 0.3151920 0.2975657 0.4372260 0.3323894 0.2489439 0.3267053 0.2115966 0.4398066 0.3951860 0.3714329 0.3066133 0.3848146 0.3468537 0.3370876 0.3229444 0.3474823 0.2552741 0.2165971 0.3339045 0.4257325 0.3090906 0.0000000 0.3685546 0.2943018 0.3533664 0.9174755 
C2U                            0.3513778 0.2582624 0.2583788 0.3444353 0.3028902 0.3143795 0.2640044 0.1504735 0.2774175 0.2697654 0.2750017 0.3017369 0.2510582 0.3393485 0.3132550 0.2604059 0.3238278 0.2496040 0.4211286 0.3351640 0.2769208 0.3707025 0.3136656 0.2987689 0.3225656 0.3512421 0.3547698 0.3267446 0.2485661 0.2698931 0.3888133 0.3084074 0.3685546 0.0000000 0.3194115 0.3898673 0.8771803 
02B                            0.4366893 0.1829520 0.1763256 0.2593005 0.2096680 0.3229500 0.3109212 0.2906488 0.2807088 0.3340852 0.3125317 0.3188175 0.3172462 0.3522808 0.3082477 0.2748384 0.3107700 0.1745203 0.3591763 0.3776990 0.3813063 0.3467183 0.3731113 0.3581213 0.4387509 0.3747996 0.3022653 0.2461787 0.2138636 0.3389060 0.3632332 0.2902519 0.2943018 0.3194115 0.0000000 0.3657825 0.8490005 
01C                            0.5077116 0.2814235 0.2597069 0.3022204 0.3247911 0.3924605 0.3539689 0.2954772 0.3525742 0.3073630 0.3334927 0.3063436 0.3704588 0.4362379 0.3560309 0.2907196 0.0985176 0.2548916 0.4220050 0.3704062 0.3575111 0.4140115 0.4211154 0.4112732 0.4475359 0.3638173 0.3056712 0.3287122 0.2806864 0.3180889 0.3956666 0.3516444 0.3533664 0.3898673 0.3657825 0.0000000 0.6866906 
CPZ                            0.9400781 0.6941615 0.7075535 0.7667425 0.8034794 0.7435857 0.7139146 0.7206939 0.6019888 0.7762489 0.6857470 0.6921595 0.7107625 0.8021491 0.7944898 0.6485347 0.7244312 0.6754691 0.8361626 0.9060424 0.8243108 0.7729322 0.9090938 0.7655502 0.8385490 0.8873049 0.6763979 0.6828489 0.6739446 0.7749744 0.7817386 0.7954652 0.9174755 0.8771803 0.8490005 0.6866906 0.0000000 
