37
B.FR.83.HXBLAI_IIIB_BRU.K03455 0.0000000 0.4310331 0.4274049 0.4928854 0.5554600 0.5607521 0.1725857 0.4820899 0.3204651 0.4609273 0.4857822 0.4753270 0.5481009 0.5260297 0.4106681 0.5523154 0.4443674 0.4658194 0.4998263 0.5023309 0.6451975 0.4844859 0.5085429 0.2607512 0.2391535 0.4539326 0.5290428 0.4425903 0.5084197 0.5066865 0.6447180 0.3932175 0.6451719 0.5499643 0.6322105 0.4707072 1.3980049 
A                              0.4310331 0.0000000 0.0750453 0.1732472 0.1988713 0.1847586 0.2746048 0.2980289 0.2716568 0.3228001 0.3340731 0.2639251 0.2665620 0.3836643 0.3770728 0.3183839 0.3524487 0.0816813 0.4237485 0.3319056 0.3650740 0.4126233 0.3628420 0.4268607 0.3087453 0.1698235 0.1539969 0.2363185 0.1746388 0.4404868 0.3323517 0.2418917 0.2292079 0.3658044 0.2084095 0.3787432 1.1397968 
A1                             0.4274049 0.0750453 0.0000000 0.1794357 0.1842171 0.1836646 0.2459785 0.3029892 0.2580798 0.3434097 0.3488875 0.2718147 0.3174513 0.3898531 0.3673444 0.3261707 0.3318488 0.0823738 0.4204136 0.3303047 0.3567643 0.3948587 0.3749659 0.4195524 0.2873538 0.1575852 0.1242538 0.2597305 0.1435297 0.4407570 0.3550310 0.2267001 0.2177484 0.3970258 0.2225442 0.4137846 1.0857066 
A2                             0.4928854 0.1732472 0.1794357 0.0000000 0.3137427 0.2700049 0.3168293 0.2824763 0.2514003 0.3100889 0.3716136 0.3392336 0.3786217 0.4170369 0.3319932 0.4170539 0.3978953 0.2103057 0.3605286 0.3596759 0.3783095 0.4279253 0.3853077 0.4303152 0.3964504 0.1011851 0.2655872 0.2639970 0.3025541 0.4056237 0.3898788 0.3356097 0.3244468 0.4126644 0.3431151 0.4650134 1.2763068 
A3                             0.5554600 0.1988713 0.1842171 0.3137427 0.0000000 0.3058725 0.3800285 0.3430671 0.3149924 0.3792866 0.4256358 0.3437907 0.3990535 0.5085171 0.3795526 0.3964094 0.4524768 0.1859687 0.4679857 0.3684859 0.4449417 0.4211810 0.4344044 0.4945006 0.3920049 0.2675429 0.2380943 0.3646789 0.2469320 0.4905707 0.4287318 0.3572429 0.2935884 0.4429656 0.2943399 0.4686872 1.1924402 
A6                             0.5607521 0.1847586 0.1836646 0.2700049 0.3058725 0.0000000 0.3470644 0.3773966 0.4248784 0.4111880 0.4240039 0.3917041 0.3642427 0.4580691 0.4526819 0.4459702 0.3899271 0.1706895 0.5363978 0.3829380 0.4749823 0.5177374 0.4587946 0.4669758 0.4002388 0.2869139 0.2334335 0.3518522 0.2656944 0.5090611 0.4595295 0.3792534 0.2858323 0.4649124 0.3020134 0.4123176 1.0092986 
B                              0.1725857 0.2746048 0.2459785 0.3168293 0.3800285 0.3470644 0.0000000 0.2523437 0.1787554 0.2617765 0.3487998 0.3269810 0.3012899 0.3226842 0.2630581 0.3088757 0.2907633 0.2719077 0.3794519 0.3009199 0.3905191 0.3117167 0.3036924 0.1305695 0.0738355 0.3449463 0.3421509 0.2776059 0.3176805 0.3383893 0.4694966 0.3378563 0.3599497 0.3659403 0.3716716 0.3080202 1.0945243 
C                              0.4820899 0.2980289 0.3029892 0.2824763 0.3430671 0.3773966 0.2523437 0.0000000 0.2493617 0.1914585 0.3512610 0.2804106 0.2685065 0.2923233 0.2721249 0.3394799 0.3424323 0.2769823 0.2857839 0.2210821 0.0792954 0.2975414 0.2411668 0.3874566 0.3294463 0.2943002 0.3438637 0.2359919 0.3929278 0.2256656 0.3623341 0.3616994 0.4129172 0.2062937 0.4106217 0.3816596 1.0040746 
D                              0.3204651 0.2716568 0.2580798 0.2514003 0.3149924 0.4248784 0.1787554 0.2493617 0.0000000 0.2776333 0.3492757 0.3643708 0.3054493 0.3860345 0.3090427 0.3467415 0.3150301 0.2730633 0.3801218 0.3080158 0.3664937 0.1536186 0.3459056 0.3380407 0.2511548 0.3040816 0.3161777 0.3184149 0.2662125 0.3645865 0.4367081 0.2024478 0.3722382 0.3270408 0.4142786 0.3819603 1.1377496 
F1                             0.4609273 0.3228001 0.3434097 0.3100889 0.3792866 0.4111880 0.2617765 0.1914585 0.2776333 0.0000000 0.2271365 0.2592343 0.3194719 0.3583021 0.1990353 0.3504410 0.3064683 0.3177456 0.3066683 0.1055783 0.2704195 0.3390144 0.0561310 0.3756474 0.2911015 0.3061000 0.3704673 0.2604834 0.3572809 0.0700848 0.3268342 0.3361204 0.4294184 0.2447973 0.5037592 0.3184418 1.0300912 
F2                             0.4857822 0.3340731 0.3488875 0.3716136 0.4256358 0.4240039 0.3487998 0.3512610 0.3492757 0.2271365 0.0000000 0.2863504 0.4118022 0.4730247 0.2972287 0.4527608 0.3534009 0.3411857 0.4183314 0.2758464 0.4633129 0.4067180 0.2842815 0.4893601 0.3929750 0.3566039 0.3886604 0.3638756 0.4187757 0.3287438 0.3377646 0.4000556 0.4862483 0.3566122 0.4934551 0.4238030 1.0131796 
G                              0.4753270 0.2639251 0.2718147 0.3392336 0.3437907 0.3917041 0.3269810 0.2804106 0.3643708 0.2592343 0.2863504 0.0000000 0.3371930 0.3108570 0.2953065 0.3640243 0.3644425 0.2767350 0.4113391 0.2693644 0.3695430 0.4312551 0.3009354 0.4731944 0.3529664 0.3357850 0.3361981 0.3369480 0.3761634 0.3266957 0.1193349 0.4057732 0.3580255 0.3559514 0.3491072 0.4005793 1.0078834 
H                              0.5481009 0.2665620 0.3174513 0.3786217 0.3990535 0.3642427 0.3012899 0.2685065 0.3054493 0.3194719 0.4118022 0.3371930 0.0000000 0.3449982 0.3403835 0.3365361 0.3569081 0.3037315 0.4199121 0.3228823 0.3870997 0.4029571 0.3968792 0.4199797 0.3795852 0.3317476 0.3764613 0.3343678 0.3779949 0.3859732 0.4253294 0.4090687 0.3552445 0.3802995 0.3899807 0.3415685 0.9905717 
J                              0.5260297 0.3836643 0.3898531 0.4170369 0.5085171 0.4580691 0.3226842 0.2923233 0.3860345 0.3583021 0.4730247 0.3108570 0.3449982 0.0000000 0.3870859 0.3972008 0.4120930 0.3926895 0.4370387 0.4290724 0.3842413 0.4640234 0.4384012 0.4207810 0.3446606 0.4132462 0.4584636 0.3786477 0.4630663 0.4837479 0.4630182 0.5254865 0.4419546 0.4005574 0.4573776 0.4272905 1.0658185 
K                              0.4106681 0.3770728 0.3673444 0.3319932 0.3795526 0.4526819 0.2630581 0.2721249 0.3090427 0.1990353 0.2972287 0.2953065 0.3403835 0.3870859 0.0000000 0.4354990 0.3068806 0.3959815 0.3242435 0.2193950 0.3606641 0.3365879 0.2494366 0.3980008 0.3193279 0.3273688 0.4288252 0.3048242 0.4365892 0.2186561 0.3288650 0.4002633 0.4623574 0.3098531 0.5774483 0.3450952 0.8317562 
L                              0.5523154 0.3183839 0.3261707 0.4170539 0.3964094 0.4459702 0.3088757 0.3394799 0.3467415 0.3504410 0.4527608 0.3640243 0.3365361 0.3972008 0.4354990 0.0000000 0.4018487 0.3486311 0.4549621 0.3776034 0.4408513 0.4749676 0.3698797 0.3913827 0.3244227 0.3868008 0.3960642 0.3709285 0.3986291 0.4842088 0.4724072 0.4130616 0.3755790 0.3643612 0.3813557 0.3858901 1.2786974 
AE                             0.4443674 0.3524487 0.3318488 0.3978953 0.4524768 0.3899271 0.2907633 0.3424323 0.3150301 0.3064683 0.3534009 0.3644425 0.3569081 0.4120930 0.3068806 0.4018487 0.0000000 0.3578676 0.3958810 0.3406991 0.4418854 0.3443187 0.3765912 0.3683850 0.3466395 0.3795842 0.3711411 0.3587764 0.4061990 0.4259049 0.4368472 0.4100822 0.4360211 0.3125975 0.5113371 0.0886901 1.0820733 
AG                             0.4658194 0.0816813 0.0823738 0.2103057 0.1859687 0.1706895 0.2719077 0.2769823 0.2730633 0.3177456 0.3411857 0.2767350 0.3037315 0.3926895 0.3959815 0.3486311 0.3578676 0.0000000 0.4437481 0.3294885 0.3903003 0.3881490 0.3615353 0.4366959 0.3100192 0.1958546 0.1406483 0.2758588 0.1936048 0.4278988 0.3413621 0.2561425 0.1704084 0.4063198 0.1611912 0.3929611 1.0263854 
cpx                            0.4998263 0.4237485 0.4204136 0.3605286 0.4679857 0.5363978 0.3794519 0.2857839 0.3801218 0.3066683 0.4183314 0.4113391 0.4199121 0.4370387 0.3242435 0.4549621 0.3958810 0.4437481 0.0000000 0.3884507 0.3257736 0.4802218 0.3690683 0.5224624 0.4418752 0.4135066 0.5251184 0.3483036 0.5089025 0.4131105 0.4300456 0.5149431 0.5774965 0.4348873 0.6015824 0.5067248 1.3085957 
DF                             0.5023309 0.3319056 0.3303047 0.3596759 0.3684859 0.3829380 0.3009199 0.2210821 0.3080158 0.1055783 0.2758464 0.2693644 0.3228823 0.4290724 0.2193950 0.3776034 0.3406991 0.3294885 0.3884507 0.0000000 0.3168208 0.3720298 0.1608589 0.4343053 0.3694584 0.3309188 0.3672224 0.3172162 0.3861229 0.1426804 0.3248100 0.3313840 0.4025571 0.3130218 0.4843831 0.3658531 0.9935937 
BC                             0.6451975 0.3650740 0.3567643 0.3783095 0.4449417 0.4749823 0.3905191 0.0792954 0.3664937 0.2704195 0.4633129 0.3695430 0.3870997 0.3842413 0.3606641 0.4408513 0.4418854 0.3903003 0.3257736 0.3168208 0.0000000 0.4078182 0.3167273 0.5045049 0.4685685 0.3855775 0.4518890 0.3520717 0.4677626 0.3157018 0.4345779 0.4997467 0.4983982 0.2623073 0.5170685 0.4841556 1.1169335 
CD                             0.4844859 0.4126233 0.3948587 0.4279253 0.4211810 0.5177374 0.3117167 0.2975414 0.1536186 0.3390144 0.4067180 0.4312551 0.4029571 0.4640234 0.3365879 0.4749676 0.3443187 0.3881490 0.4802218 0.3720298 0.4078182 0.0000000 0.3420894 0.4893895 0.3619816 0.4672135 0.4521193 0.4588563 0.4370961 0.4271748 0.4999434 0.3018519 0.4496606 0.4013035 0.5521380 0.4540008 1.2482832 
BF                             0.5085429 0.3628420 0.3749659 0.3853077 0.4344044 0.4587946 0.3036924 0.2411668 0.3459056 0.0561310 0.2842815 0.3009354 0.3968792 0.4384012 0.2494366 0.3698797 0.3765912 0.3615353 0.3690683 0.1608589 0.3167273 0.3420894 0.0000000 0.4103539 0.3239775 0.3826189 0.4150104 0.3144631 0.3849348 0.0907272 0.3360494 0.3462963 0.5007007 0.3418482 0.5548725 0.3930397 1.0179509 
BG                             0.2607512 0.4268607 0.4195524 0.4303152 0.4945006 0.4669758 0.1305695 0.3874566 0.3380407 0.3756474 0.4893601 0.4731944 0.4199797 0.4207810 0.3980008 0.3913827 0.3683850 0.4366959 0.5224624 0.4343053 0.5045049 0.4893895 0.4103539 0.0000000 0.1808465 0.4543578 0.5214149 0.4477135 0.4349113 0.4259617 0.6232018 0.5051947 0.5223265 0.4916059 0.5393807 0.3756168 1.2680644 
01B                            0.2391535 0.3087453 0.2873538 0.3964504 0.3920049 0.4002388 0.0738355 0.3294463 0.2511548 0.2911015 0.3929750 0.3529664 0.3795852 0.3446606 0.3193279 0.3244227 0.3466395 0.3100192 0.4418752 0.3694584 0.4685685 0.3619816 0.3239775 0.1808465 0.0000000 0.3903605 0.3847742 0.3385249 0.3610320 0.4129612 0.4898805 0.3991545 0.4177221 0.4171907 0.4053004 0.3659640 1.1681589 
A2D                            0.4539326 0.1698235 0.1575852 0.1011851 0.2675429 0.2869139 0.3449463 0.2943002 0.3040816 0.3061000 0.3566039 0.3357850 0.3317476 0.4132462 0.3273688 0.3868008 0.3795842 0.1958546 0.4135066 0.3309188 0.3855775 0.4672135 0.3826189 0.4543578 0.3903605 0.0000000 0.2534614 0.2830872 0.2924410 0.3545226 0.3942714 0.3157088 0.3371838 0.3826668 0.3370465 0.4717502 1.0688658 
01A1                           0.5290428 0.1539969 0.1242538 0.2655872 0.2380943 0.2334335 0.3421509 0.3438637 0.3161777 0.3704673 0.3886604 0.3361981 0.3764613 0.4584636 0.4288252 0.3960642 0.3711411 0.1406483 0.5251184 0.3672224 0.4518890 0.4521193 0.4150104 0.5214149 0.3847742 0.2534614 0.0000000 0.3182623 0.1860351 0.5117687 0.4361781 0.3171692 0.2426721 0.4250882 0.2720216 0.4070156 0.9947922 
A5U                            0.4425903 0.2363185 0.2597305 0.2639970 0.3646789 0.3518522 0.2776059 0.2359919 0.3184149 0.2604834 0.3638756 0.3369480 0.3343678 0.3786477 0.3048242 0.3709285 0.3587764 0.2758588 0.3483036 0.3172162 0.3520717 0.4588563 0.3144631 0.4477135 0.3385249 0.2830872 0.3182623 0.0000000 0.3068470 0.3616886 0.3980582 0.3331249 0.3586757 0.3785143 0.3947890 0.3959134 1.1420586 
AD                             0.5084197 0.1746388 0.1435297 0.3025541 0.2469320 0.2656944 0.3176805 0.3929278 0.2662125 0.3572809 0.4187757 0.3761634 0.3779949 0.4630663 0.4365892 0.3986291 0.4061990 0.1936048 0.5089025 0.3861229 0.4677626 0.4370961 0.3849348 0.4349113 0.3610320 0.2924410 0.1860351 0.3068470 0.0000000 0.5064150 0.4220587 0.2877443 0.2727612 0.4148476 0.2844250 0.4145016 1.1744499 
BF1                            0.5066865 0.4404868 0.4407570 0.4056237 0.4905707 0.5090611 0.3383893 0.2256656 0.3645865 0.0700848 0.3287438 0.3266957 0.3859732 0.4837479 0.2186561 0.4842088 0.4259049 0.4278988 0.4131105 0.1426804 0.3157018 0.4271748 0.0907272 0.4259617 0.4129612 0.3545226 0.5117687 0.3616886 0.5064150 0.0000000 0.3817110 0.4491667 0.5531142 0.3511256 0.6639521 0.4704733 0.9462158 
02G                            0.6447180 0.3323517 0.3550310 0.3898788 0.4287318 0.4595295 0.4694966 0.3623341 0.4367081 0.3268342 0.3377646 0.1193349 0.4253294 0.4630182 0.3288650 0.4724072 0.4368472 0.3413621 0.4300456 0.3248100 0.4345779 0.4999434 0.3360494 0.6232018 0.4898805 0.3942714 0.4361781 0.3980582 0.4220587 0.3817110 0.0000000 0.4454561 0.4345339 0.4236031 0.4593696 0.5065417 1.1824849 
A1D                            0.3932175 0.2418917 0.2267001 0.3356097 0.3572429 0.3792534 0.3378563 0.3616994 0.2024478 0.3361204 0.4000556 0.4057732 0.4090687 0.5254865 0.4002633 0.4130616 0.4100822 0.2561425 0.5149431 0.3313840 0.4997467 0.3018519 0.3462963 0.5051947 0.3991545 0.3157088 0.3171692 0.3331249 0.2877443 0.4491667 0.4454561 0.0000000 0.4165472 0.4012264 0.3993039 0.4453576 1.3650316 
02A                            0.6451719 0.2292079 0.2177484 0.3244468 0.2935884 0.2858323 0.3599497 0.4129172 0.3722382 0.4294184 0.4862483 0.3580255 0.3552445 0.4419546 0.4623574 0.3755790 0.4360211 0.1704084 0.5774965 0.4025571 0.4983982 0.4496606 0.5007007 0.5223265 0.4177221 0.3371838 0.2426721 0.3586757 0.2727612 0.5531142 0.4345339 0.4165472 0.0000000 0.4238060 0.2496784 0.4622569 1.1745870 
C2U                            0.5499643 0.3658044 0.3970258 0.4126644 0.4429656 0.4649124 0.3659403 0.2062937 0.3270408 0.2447973 0.3566122 0.3559514 0.3802995 0.4005574 0.3098531 0.3643612 0.3125975 0.4063198 0.4348873 0.3130218 0.2623073 0.4013035 0.3418482 0.4916059 0.4171907 0.3826668 0.4250882 0.3785143 0.4148476 0.3511256 0.4236031 0.4012264 0.4238060 0.0000000 0.4724737 0.3394730 0.9935783 
02B                            0.6322105 0.2084095 0.2225442 0.3431151 0.2943399 0.3020134 0.3716716 0.4106217 0.4142786 0.5037592 0.4934551 0.3491072 0.3899807 0.4573776 0.5774483 0.3813557 0.5113371 0.1611912 0.6015824 0.4843831 0.5170685 0.5521380 0.5548725 0.5393807 0.4053004 0.3370465 0.2720216 0.3947890 0.2844250 0.6639521 0.4593696 0.3993039 0.2496784 0.4724737 0.0000000 0.5186255 1.2673781 
01C                            0.4707072 0.3787432 0.4137846 0.4650134 0.4686872 0.4123176 0.3080202 0.3816596 0.3819603 0.3184418 0.4238030 0.4005793 0.3415685 0.4272905 0.3450952 0.3858901 0.0886901 0.3929611 0.5067248 0.3658531 0.4841556 0.4540008 0.3930397 0.3756168 0.3659640 0.4717502 0.4070156 0.3959134 0.4145016 0.4704733 0.5065417 0.4453576 0.4622569 0.3394730 0.5186255 0.0000000 1.1196501 
CPZ                            1.3980049 1.1397968 1.0857066 1.2763068 1.1924402 1.0092986 1.0945243 1.0040746 1.1377496 1.0300912 1.0131796 1.0078834 0.9905717 1.0658185 0.8317562 1.2786974 1.0820733 1.0263854 1.3085957 0.9935937 1.1169335 1.2482832 1.0179509 1.2680644 1.1681589 1.0688658 0.9947922 1.1420586 1.1744499 0.9462158 1.1824849 1.3650316 1.1745870 0.9935783 1.2673781 1.1196501 0.0000000 
