37
B.FR.83.HXBLAI_IIIB_BRU.K03455 0.0000000 0.1766312 0.1905559 0.1692776 0.2032797 0.2023182 0.0146129 0.1323069 0.0851153 0.1271328 0.1373434 0.1666331 0.1819393 0.1651055 0.1735161 0.1342751 0.1902612 0.1885337 0.1987509 0.1120015 0.1328728 0.1113257 0.1338057 0.2045307 0.1928887 0.2090152 0.2100570 0.1932900 0.2013448 0.1517362 0.1944997 0.1164838 0.1971132 0.1692326 0.1638699 0.2094396 0.4040169 
A                              0.1766312 0.0000000 0.0329465 0.0587299 0.0287004 0.0570758 0.1650839 0.1348724 0.2008060 0.1664668 0.1426089 0.1346402 0.1429110 0.1338078 0.1438246 0.1376424 0.0479910 0.0489256 0.1101263 0.2103142 0.1832367 0.2113276 0.1778569 0.1546711 0.0501826 0.0776439 0.0477567 0.0870307 0.0552566 0.1776662 0.1527143 0.1237764 0.0638113 0.1584760 0.0828081 0.0607454 0.5488152 
A1                             0.1905559 0.0329465 0.0000000 0.0685446 0.0404370 0.0669875 0.1785417 0.1590703 0.2163968 0.1566913 0.1337188 0.1614785 0.1553397 0.1388120 0.1487204 0.1514529 0.0710548 0.0710031 0.1296527 0.2347389 0.2110835 0.2274670 0.1680125 0.1667528 0.0679069 0.0882331 0.0653753 0.0979117 0.0326245 0.1806718 0.1705920 0.1154702 0.0940758 0.1758125 0.0986814 0.0736566 0.5555009 
A2                             0.1692776 0.0587299 0.0685446 0.0000000 0.0751957 0.0748074 0.1578070 0.1327386 0.1763815 0.1570457 0.1345354 0.1215646 0.1346139 0.1393175 0.1103849 0.1611099 0.0861595 0.0917318 0.1227072 0.2023278 0.1627386 0.1779827 0.1607441 0.1319268 0.0827280 0.0193968 0.0914218 0.0806858 0.0771635 0.1681268 0.1527677 0.1296789 0.0977405 0.1504025 0.1223876 0.0948036 0.5448877 
A3                             0.2032797 0.0287004 0.0404370 0.0751957 0.0000000 0.0703661 0.1907732 0.1650341 0.2112682 0.1912154 0.1470408 0.1559767 0.1609908 0.1440636 0.1516933 0.1557146 0.0613978 0.0698939 0.1102484 0.2272162 0.2188705 0.2312833 0.2035489 0.1629578 0.0636399 0.0897831 0.0611040 0.1020802 0.0690368 0.1938835 0.1728557 0.1337759 0.0934120 0.1609230 0.1072084 0.0805138 0.5729662 
A6                             0.2023182 0.0570758 0.0669875 0.0748074 0.0703661 0.0000000 0.1901822 0.1436229 0.1925871 0.1553614 0.1327042 0.1289608 0.1186024 0.1455581 0.1408629 0.1744007 0.0966998 0.0972742 0.1393297 0.2168493 0.1900815 0.2025147 0.1590957 0.1523820 0.0930381 0.0812519 0.1021518 0.0955539 0.0930578 0.1665564 0.1529002 0.1270053 0.0826344 0.1688475 0.1393039 0.1057949 0.5776672 
B                              0.0146129 0.1650839 0.1785417 0.1578070 0.1907732 0.1901822 0.0000000 0.1222321 0.0767576 0.1271739 0.1305889 0.1484252 0.1741569 0.1578038 0.1735787 0.1275659 0.1703923 0.1767510 0.1827121 0.1120369 0.1225031 0.1021417 0.1338496 0.1848911 0.1730229 0.1961094 0.1975989 0.1808271 0.1892354 0.1484097 0.1715424 0.1035674 0.1849125 0.1577719 0.1463515 0.1890312 0.3984708 
C                              0.1323069 0.1348724 0.1590703 0.1327386 0.1650341 0.1436229 0.1222321 0.0000000 0.1346784 0.1095175 0.1207461 0.1124573 0.1206109 0.1559692 0.1465086 0.1277939 0.1653632 0.1524134 0.1761112 0.1567585 0.0435817 0.1450866 0.1223811 0.1365937 0.1680247 0.1491419 0.1601131 0.1242622 0.1466274 0.1400336 0.1332862 0.1465935 0.1396134 0.1018145 0.1565423 0.1680247 0.4907794 
D                              0.0851153 0.2008060 0.2163968 0.1763815 0.2112682 0.1925871 0.0767576 0.1346784 0.0000000 0.1405029 0.1455460 0.1436236 0.1686146 0.1924484 0.1826077 0.1664999 0.1900172 0.2222098 0.1945269 0.0766548 0.1385332 0.0240327 0.1474618 0.1723246 0.1927623 0.2024029 0.2107290 0.2038082 0.2016003 0.1592536 0.1663304 0.0934424 0.2236358 0.1804469 0.1812704 0.2100701 0.4305035 
F1                             0.1271328 0.1664668 0.1566913 0.1570457 0.1912154 0.1553614 0.1271739 0.1095175 0.1405029 0.0000000 0.0557840 0.1280426 0.1132324 0.1406151 0.1130394 0.1140432 0.1783339 0.1844113 0.1807086 0.1522805 0.1412540 0.1532771 0.0124802 0.1343554 0.1731279 0.1666358 0.1704994 0.1507503 0.1616118 0.0355366 0.1511413 0.1770749 0.1848154 0.1363853 0.1558276 0.1863032 0.4471650 
F2                             0.1373434 0.1426089 0.1337188 0.1345354 0.1470408 0.1327042 0.1305889 0.1207461 0.1455460 0.0557840 0.0000000 0.0990445 0.1018853 0.1209074 0.0989526 0.1062983 0.1426957 0.1493299 0.1453761 0.1620833 0.1445838 0.1742873 0.0610239 0.0994041 0.1381724 0.1401525 0.1437827 0.1214845 0.1450884 0.0806242 0.1329384 0.1553049 0.1640920 0.1241747 0.1604394 0.1679949 0.5096895 
G                              0.1666331 0.1346402 0.1614785 0.1215646 0.1559767 0.1289608 0.1484252 0.1124573 0.1436236 0.1280426 0.0990445 0.0000000 0.1086488 0.1850545 0.1497738 0.1311394 0.1525441 0.1444525 0.0881858 0.1414904 0.1282237 0.1464793 0.1280426 0.0411147 0.1551782 0.1224013 0.1599612 0.1293703 0.1513910 0.1241690 0.0213982 0.1781843 0.1441133 0.1247981 0.1480966 0.1691603 0.4627631 
H                              0.1819393 0.1429110 0.1553397 0.1346139 0.1609908 0.1186024 0.1741569 0.1206109 0.1686146 0.1132324 0.1018853 0.1086488 0.0000000 0.1272492 0.1017257 0.1386411 0.1651700 0.1651031 0.1716239 0.1824068 0.1190380 0.1831838 0.1197059 0.1317772 0.1677371 0.1346171 0.1763760 0.1190700 0.1677842 0.1373133 0.1302825 0.1741799 0.1573594 0.1415620 0.2024437 0.1847090 0.5350739 
J                              0.1651055 0.1338078 0.1388120 0.1393175 0.1440636 0.1455581 0.1578038 0.1559692 0.1924484 0.1406151 0.1209074 0.1850545 0.1272492 0.0000000 0.1315971 0.1359263 0.1475647 0.1677468 0.1858414 0.1966300 0.1970185 0.1997385 0.1542761 0.1635867 0.1500112 0.1617220 0.1534369 0.1308764 0.1433321 0.1624650 0.2169407 0.1715776 0.1729036 0.1570607 0.1856516 0.1654815 0.5198134 
K                              0.1735161 0.1438246 0.1487204 0.1103849 0.1516933 0.1408629 0.1735787 0.1465086 0.1826077 0.1130394 0.0989526 0.1497738 0.1017257 0.1315971 0.0000000 0.1373281 0.1303279 0.1599717 0.1751968 0.1957040 0.1471874 0.1976180 0.1130394 0.1409173 0.1260666 0.1180377 0.1336279 0.1280270 0.1532682 0.1297165 0.1747707 0.1812433 0.1599885 0.1689103 0.1737252 0.1451056 0.5206957 
L                              0.1342751 0.1376424 0.1514529 0.1611099 0.1557146 0.1744007 0.1275659 0.1277939 0.1664999 0.1140432 0.1062983 0.1311394 0.1386411 0.1359263 0.1373281 0.0000000 0.1643442 0.1608937 0.1585326 0.1707740 0.1481847 0.1731651 0.1172222 0.1664584 0.1668616 0.1786548 0.1570934 0.1333032 0.1561981 0.1074093 0.1458386 0.1657540 0.1532043 0.1218831 0.1873017 0.1743727 0.4796267 
AE                             0.1902612 0.0479910 0.0710548 0.0861595 0.0613978 0.0966998 0.1703923 0.1653632 0.1900172 0.1783339 0.1426957 0.1525441 0.1651700 0.1475647 0.1303279 0.1643442 0.0000000 0.0870990 0.1119915 0.2211718 0.1856732 0.2092048 0.1903160 0.1544324 0.0040878 0.0930184 0.0349535 0.1118460 0.0796735 0.1873699 0.1770721 0.1390429 0.0993278 0.1744063 0.1033984 0.0257725 0.5235060 
AG                             0.1885337 0.0489256 0.0710031 0.0917318 0.0698939 0.0972742 0.1767510 0.1524134 0.2222098 0.1844113 0.1493299 0.1444525 0.1651031 0.1677468 0.1599717 0.1608937 0.0870990 0.0000000 0.1412796 0.2342305 0.1967916 0.2271324 0.1963938 0.1620677 0.0835135 0.1068019 0.0830370 0.1156637 0.0978750 0.2044539 0.1782958 0.1687116 0.0332156 0.1693807 0.0366450 0.0984983 0.5387438 
cpx                            0.1987509 0.1101263 0.1296527 0.1227072 0.1102484 0.1393297 0.1827121 0.1761112 0.1945269 0.1807086 0.1453761 0.0881858 0.1716239 0.1858414 0.1751968 0.1585326 0.1119915 0.1412796 0.0000000 0.1972751 0.1901589 0.1939208 0.1807086 0.1310883 0.1120287 0.1370570 0.1210344 0.1671226 0.1340987 0.1658269 0.1017284 0.1930520 0.1429484 0.1949201 0.1555503 0.1297576 0.4852478 
DF                             0.1120015 0.2103142 0.2347389 0.2023278 0.2272162 0.2168493 0.1120369 0.1567585 0.0766548 0.1522805 0.1620833 0.1414904 0.1824068 0.1966300 0.1957040 0.1707740 0.2211718 0.2342305 0.1972751 0.0000000 0.1652914 0.0888526 0.1451987 0.1612561 0.2238632 0.2409973 0.2247817 0.2299786 0.1940571 0.1433481 0.1716832 0.1642438 0.2359565 0.1853861 0.2026037 0.2327407 0.3940439 
BC                             0.1328728 0.1832367 0.2110835 0.1627386 0.2188705 0.1900815 0.1225031 0.0435817 0.1385332 0.1412540 0.1445838 0.1282237 0.1190380 0.1970185 0.1471874 0.1481847 0.1856732 0.1967916 0.1901589 0.1652914 0.0000000 0.1426052 0.1557106 0.1554712 0.1942734 0.1746998 0.1855498 0.1513540 0.1874282 0.1757796 0.1504026 0.1832852 0.1818996 0.1312958 0.2009050 0.1942734 0.5290430 
CD                             0.1113257 0.2113276 0.2274670 0.1779827 0.2312833 0.2025147 0.1021417 0.1450866 0.0240327 0.1532771 0.1742873 0.1464793 0.1831838 0.1997385 0.1976180 0.1731651 0.2092048 0.2271324 0.1939208 0.0888526 0.1426052 0.0000000 0.1605297 0.1752004 0.2119603 0.2053737 0.2217524 0.2146398 0.2122404 0.1631038 0.1793054 0.1095456 0.2035532 0.2161907 0.1829886 0.2208732 0.4343877 
BF                             0.1338057 0.1778569 0.1680125 0.1607441 0.2035489 0.1590957 0.1338496 0.1223811 0.1474618 0.0124802 0.0610239 0.1280426 0.1197059 0.1542761 0.1130394 0.1172222 0.1903160 0.1963938 0.1807086 0.1451987 0.1557106 0.1605297 0.0000000 0.1310033 0.1849347 0.1705552 0.1822531 0.1471343 0.1731391 0.0215927 0.1581007 0.1811544 0.1970854 0.1472909 0.1703620 0.1984658 0.4455283 
BG                             0.2045307 0.1546711 0.1667528 0.1319268 0.1629578 0.1523820 0.1848911 0.1365937 0.1723246 0.1343554 0.0994041 0.0411147 0.1317772 0.1635867 0.1409173 0.1664584 0.1544324 0.1620677 0.1310883 0.1612561 0.1554712 0.1752004 0.1310033 0.0000000 0.1569821 0.1321134 0.1641620 0.1462716 0.1497258 0.1472194 0.0680587 0.1955678 0.1621328 0.1592176 0.1609118 0.1823702 0.4431590 
01B                            0.1928887 0.0501826 0.0679069 0.0827280 0.0636399 0.0930381 0.1730229 0.1680247 0.1927623 0.1731279 0.1381724 0.1551782 0.1677371 0.1500112 0.1260666 0.1668616 0.0040878 0.0835135 0.1120287 0.2238632 0.1942734 0.2119603 0.1849347 0.1569821 0.0000000 0.0893358 0.0397017 0.1078500 0.0763766 0.1821234 0.1797296 0.1415063 0.0954214 0.1770878 0.0993974 0.0212832 0.5238679 
A2D                            0.2090152 0.0776439 0.0882331 0.0193968 0.0897831 0.0812519 0.1961094 0.1491419 0.2024029 0.1666358 0.1401525 0.1224013 0.1346171 0.1617220 0.1180377 0.1786548 0.0930184 0.1068019 0.1370570 0.2409973 0.1746998 0.2053737 0.1705552 0.1321134 0.0893358 0.0000000 0.1009148 0.0806958 0.0978519 0.1783606 0.1539527 0.1552765 0.1162585 0.1677364 0.1499092 0.1109572 0.5860810 
01A1                           0.2100570 0.0477567 0.0653753 0.0914218 0.0611040 0.1021518 0.1975989 0.1601131 0.2107290 0.1704994 0.1437827 0.1599612 0.1763760 0.1534369 0.1336279 0.1570934 0.0349535 0.0830370 0.1210344 0.2247817 0.1855498 0.2217524 0.1822531 0.1641620 0.0397017 0.1009148 0.0000000 0.1110913 0.0737634 0.1795006 0.1768755 0.1366173 0.1011010 0.1850552 0.1059868 0.0546925 0.5626268 
A5U                            0.1932900 0.0870307 0.0979117 0.0806858 0.1020802 0.0955539 0.1808271 0.1242622 0.2038082 0.1507503 0.1214845 0.1293703 0.1190700 0.1308764 0.1280270 0.1333032 0.1118460 0.1156637 0.1671226 0.2299786 0.1513540 0.2146398 0.1471343 0.1462716 0.1078500 0.0806958 0.1110913 0.0000000 0.1016289 0.1545388 0.1691892 0.1447485 0.1146511 0.1565756 0.1514316 0.1150029 0.5281758 
AD                             0.2013448 0.0552566 0.0326245 0.0771635 0.0690368 0.0930578 0.1892354 0.1466274 0.2016003 0.1616118 0.1450884 0.1513910 0.1677842 0.1433321 0.1532682 0.1561981 0.0796735 0.0978750 0.1340987 0.1940571 0.1874282 0.2122404 0.1731391 0.1497258 0.0763766 0.0978519 0.0737634 0.1016289 0.0000000 0.1859276 0.1527380 0.1314643 0.1172632 0.1812944 0.1158685 0.0823634 0.5806578 
BF1                            0.1517362 0.1776662 0.1806718 0.1681268 0.1938835 0.1665564 0.1484097 0.1400336 0.1592536 0.0355366 0.0806242 0.1241690 0.1373133 0.1624650 0.1297165 0.1074093 0.1873699 0.2044539 0.1658269 0.1433481 0.1757796 0.1631038 0.0215927 0.1472194 0.1821234 0.1783606 0.1795006 0.1545388 0.1859276 0.0000000 0.1447795 0.1892528 0.2053429 0.1522542 0.1777998 0.1899039 0.4337619 
02G                            0.1944997 0.1527143 0.1705920 0.1527677 0.1728557 0.1529002 0.1715424 0.1332862 0.1663304 0.1511413 0.1329384 0.0213982 0.1302825 0.2169407 0.1747707 0.1458386 0.1770721 0.1782958 0.1017284 0.1716832 0.1504026 0.1793054 0.1581007 0.0680587 0.1797296 0.1539527 0.1768755 0.1691892 0.1527380 0.1447795 0.0000000 0.1958086 0.1787764 0.1474525 0.1667248 0.1941913 0.4564579 
A1D                            0.1164838 0.1237764 0.1154702 0.1296789 0.1337759 0.1270053 0.1035674 0.1465935 0.0934424 0.1770749 0.1553049 0.1781843 0.1741799 0.1715776 0.1812433 0.1657540 0.1390429 0.1687116 0.1930520 0.1642438 0.1832852 0.1095456 0.1811544 0.1955678 0.1415063 0.1552765 0.1366173 0.1447485 0.1314643 0.1892528 0.1958086 0.0000000 0.1687552 0.1756382 0.1844979 0.1471373 0.5642965 
02A                            0.1971132 0.0638113 0.0940758 0.0977405 0.0934120 0.0826344 0.1849125 0.1396134 0.2236358 0.1848154 0.1640920 0.1441133 0.1573594 0.1729036 0.1599885 0.1532043 0.0993278 0.0332156 0.1429484 0.2359565 0.1818996 0.2035532 0.1970854 0.1621328 0.0954214 0.1162585 0.1011010 0.1146511 0.1172632 0.2053429 0.1787764 0.1687552 0.0000000 0.1665426 0.0728172 0.1049067 0.5510030 
C2U                            0.1692326 0.1584760 0.1758125 0.1504025 0.1609230 0.1688475 0.1577719 0.1018145 0.1804469 0.1363853 0.1241747 0.1247981 0.1415620 0.1570607 0.1689103 0.1218831 0.1744063 0.1693807 0.1949201 0.1853861 0.1312958 0.2161907 0.1472909 0.1592176 0.1770878 0.1677364 0.1850552 0.1565756 0.1812944 0.1522542 0.1474525 0.1756382 0.1665426 0.0000000 0.2079026 0.1852466 0.4573697 
02B                            0.1638699 0.0828081 0.0986814 0.1223876 0.1072084 0.1393039 0.1463515 0.1565423 0.1812704 0.1558276 0.1604394 0.1480966 0.2024437 0.1856516 0.1737252 0.1873017 0.1033984 0.0366450 0.1555503 0.2026037 0.2009050 0.1829886 0.1703620 0.1609118 0.0993974 0.1499092 0.1059868 0.1514316 0.1158685 0.1777998 0.1667248 0.1844979 0.0728172 0.2079026 0.0000000 0.1125359 0.4594414 
01C                            0.2094396 0.0607454 0.0736566 0.0948036 0.0805138 0.1057949 0.1890312 0.1680247 0.2100701 0.1863032 0.1679949 0.1691603 0.1847090 0.1654815 0.1451056 0.1743727 0.0257725 0.0984983 0.1297576 0.2327407 0.1942734 0.2208732 0.1984658 0.1823702 0.0212832 0.1109572 0.0546925 0.1150029 0.0823634 0.1899039 0.1941913 0.1471373 0.1049067 0.1852466 0.1125359 0.0000000 0.5623619 
CPZ                            0.4040169 0.5488152 0.5555009 0.5448877 0.5729662 0.5776672 0.3984708 0.4907794 0.4305035 0.4471650 0.5096895 0.4627631 0.5350739 0.5198134 0.5206957 0.4796267 0.5235060 0.5387438 0.4852478 0.3940439 0.5290430 0.4343877 0.4455283 0.4431590 0.5238679 0.5860810 0.5626268 0.5281758 0.5806578 0.4337619 0.4564579 0.5642965 0.5510030 0.4573697 0.4594414 0.5623619 0.0000000 
