37
B.FR.83.HXBLAI_IIIB_BRU.K03455 0.0000000 0.1392475 0.1470709 0.1946809 0.1628787 0.1646963 0.0347630 0.1616557 0.1165198 0.1642145 0.1456088 0.1546085 0.1017217 0.1196012 0.1608663 0.1333030 0.1947680 0.1666148 0.1600533 0.1372956 0.1926057 0.1596634 0.1761463 0.1788233 0.2042072 0.1923369 0.1573049 0.1961804 0.1690861 0.1955289 0.1638193 0.1861819 0.1988664 0.1362358 0.1879369 0.2191043 0.5300408 
A                              0.1392475 0.0000000 0.0325549 0.0784066 0.0484875 0.0734985 0.1241492 0.1520890 0.1776647 0.1648872 0.1391924 0.0557171 0.1073807 0.1434574 0.1451277 0.1355127 0.0954042 0.0465861 0.1252050 0.1614478 0.1804301 0.1594762 0.1701503 0.0878281 0.1008965 0.1102114 0.0660347 0.0904306 0.0672320 0.1939226 0.0607194 0.0759421 0.1053540 0.1200065 0.0778121 0.1158250 0.4531450 
A1                             0.1470709 0.0325549 0.0000000 0.0902270 0.0597049 0.0753286 0.1413149 0.1530475 0.1871318 0.1918185 0.1598697 0.0587236 0.1228747 0.1439874 0.1704124 0.1454184 0.1137767 0.0650579 0.1295148 0.1698369 0.1886395 0.1641677 0.1977633 0.0915390 0.1265651 0.1161859 0.0696983 0.1131590 0.0419253 0.2240196 0.0776420 0.0597257 0.1185433 0.1338753 0.1027018 0.1429648 0.5098922 
A2                             0.1946809 0.0784066 0.0902270 0.0000000 0.1013501 0.1084960 0.1816527 0.1865106 0.2242046 0.1788882 0.1613302 0.1256461 0.1488774 0.1961179 0.1802566 0.1680796 0.1722497 0.1229538 0.1526037 0.2024563 0.2197475 0.1920413 0.1843504 0.1489853 0.1787401 0.0543946 0.1048648 0.1300961 0.1266764 0.2137852 0.1280199 0.1441802 0.1578752 0.1673846 0.1476390 0.1954307 0.5103269 
A3                             0.1628787 0.0484875 0.0597049 0.1013501 0.0000000 0.1076550 0.1521909 0.1744593 0.2012216 0.1823927 0.1640797 0.0827036 0.1375557 0.1678446 0.1789961 0.1417508 0.1214328 0.0938239 0.1544181 0.1808831 0.2072952 0.1813744 0.1881597 0.1154043 0.1297212 0.1212860 0.0878099 0.1192783 0.0947413 0.2138192 0.1035437 0.1137591 0.1512069 0.1659748 0.1326057 0.1437036 0.4765210 
A6                             0.1646963 0.0734985 0.0753286 0.1084960 0.1076550 0.0000000 0.1598478 0.1634598 0.1904776 0.1840415 0.1693100 0.0995757 0.1381872 0.1566129 0.1927122 0.1561787 0.1509682 0.1107115 0.1784204 0.1764681 0.1983773 0.1807736 0.1895697 0.1301625 0.1571591 0.1432150 0.1026736 0.1412209 0.1153411 0.2140915 0.1109072 0.1192046 0.0976741 0.1557707 0.1401652 0.1793732 0.4860060 
B                              0.0347630 0.1241492 0.1413149 0.1816527 0.1521909 0.1598478 0.0000000 0.1379547 0.0896808 0.1274832 0.1159389 0.1271883 0.0820919 0.1105327 0.1226301 0.1182685 0.1879095 0.1501225 0.1332116 0.0914430 0.1602612 0.1317929 0.1381810 0.1648464 0.1974153 0.1704088 0.1554925 0.1666382 0.1585235 0.1499325 0.1475745 0.1656586 0.1875445 0.1127395 0.1771748 0.2052215 0.4863105 
C                              0.1616557 0.1520890 0.1530475 0.1865106 0.1744593 0.1634598 0.1379547 0.0000000 0.1637929 0.1720903 0.1420732 0.1520980 0.1175055 0.1196810 0.1669261 0.1649279 0.1884959 0.1829585 0.1357745 0.1559894 0.0352242 0.1353946 0.1774968 0.1777823 0.1978811 0.2126486 0.1526875 0.1899129 0.1658679 0.1946731 0.1717514 0.1947604 0.2055303 0.0815753 0.2081766 0.2246032 0.4864399 
D                              0.1165198 0.1776647 0.1871318 0.2242046 0.2012216 0.1904776 0.0896808 0.1637929 0.0000000 0.1478833 0.1616754 0.1635380 0.1269970 0.1501890 0.1532035 0.1754422 0.2200224 0.2017882 0.1714682 0.0882214 0.1897506 0.0737452 0.1524390 0.2089102 0.2300161 0.2052681 0.1792646 0.2213181 0.1937450 0.1751066 0.1962794 0.2226844 0.2471240 0.1364625 0.2284515 0.2414664 0.5175111 
F1                             0.1642145 0.1648872 0.1918185 0.1788882 0.1823927 0.1840415 0.1274832 0.1720903 0.1478833 0.0000000 0.0802339 0.1787135 0.1073389 0.1181308 0.0975788 0.1365709 0.2125952 0.1922652 0.1544548 0.1047192 0.1871670 0.1728412 0.0123177 0.2143460 0.2224646 0.1833004 0.1815615 0.2105867 0.2045381 0.0257267 0.1937742 0.1873768 0.2251689 0.1247290 0.2199406 0.2366098 0.5299325 
F2                             0.1456088 0.1391924 0.1598697 0.1613302 0.1640797 0.1693100 0.1159389 0.1420732 0.1616754 0.0802339 0.0000000 0.1579492 0.0987364 0.1143105 0.1127867 0.1518983 0.2190729 0.1781125 0.1421044 0.1246058 0.1709629 0.1577842 0.0914544 0.1913557 0.2290770 0.1786149 0.1630302 0.1844792 0.1711429 0.1109922 0.1771904 0.1964286 0.2077473 0.0958983 0.2123355 0.2380335 0.5571823 
G                              0.1546085 0.0557171 0.0587236 0.1256461 0.0827036 0.0995757 0.1271883 0.1520980 0.1635380 0.1787135 0.1579492 0.0000000 0.1302406 0.1502898 0.1871199 0.1378918 0.0869273 0.0673024 0.1392278 0.1529212 0.1712661 0.1460191 0.1843641 0.0560969 0.0985438 0.1206876 0.0667562 0.1222820 0.0803573 0.2096032 0.0621377 0.1058560 0.1248459 0.1571033 0.0969224 0.1112048 0.4334536 
H                              0.1017217 0.1073807 0.1228747 0.1488774 0.1375557 0.1381872 0.0820919 0.1175055 0.1269970 0.1073389 0.0987364 0.1302406 0.0000000 0.0958522 0.1007499 0.0888206 0.1672491 0.1378946 0.1105165 0.1173587 0.1590012 0.1320697 0.1194396 0.1626938 0.1764107 0.1464411 0.1396540 0.1519424 0.1391450 0.1310345 0.1309023 0.1590027 0.1809245 0.0934658 0.1794775 0.1928709 0.4815800 
J                              0.1196012 0.1434574 0.1439874 0.1961179 0.1678446 0.1566129 0.1105327 0.1196810 0.1501890 0.1181308 0.1143105 0.1502898 0.0958522 0.0000000 0.1061100 0.1207765 0.1964975 0.1789468 0.1267802 0.1507060 0.1437435 0.1575215 0.1285392 0.1956382 0.2063935 0.1983498 0.1420633 0.2249705 0.1613816 0.1438999 0.1785077 0.1705249 0.1839217 0.0859156 0.2117371 0.2388134 0.5130212 
K                              0.1608663 0.1451277 0.1704124 0.1802566 0.1789961 0.1927122 0.1226301 0.1669261 0.1532035 0.0975788 0.1127867 0.1871199 0.1007499 0.1061100 0.0000000 0.1682796 0.2131012 0.1872550 0.1353268 0.1317425 0.1868886 0.1513787 0.1158276 0.2178919 0.2237148 0.2025634 0.1660529 0.2116777 0.1974515 0.1328137 0.1837220 0.1891955 0.2272063 0.1102580 0.2216396 0.2329946 0.5758945 
L                              0.1333030 0.1355127 0.1454184 0.1680796 0.1417508 0.1561787 0.1182685 0.1649279 0.1754422 0.1365709 0.1518983 0.1378918 0.0888206 0.1207765 0.1682796 0.0000000 0.1832904 0.1624988 0.1809177 0.1611887 0.2037294 0.1902445 0.1477797 0.1865869 0.1928529 0.1572510 0.1519228 0.1947619 0.1409850 0.1553546 0.1622565 0.1774964 0.2024921 0.1491234 0.1951192 0.2107122 0.4584473 
AE                             0.1947680 0.0954042 0.1137767 0.1722497 0.1214328 0.1509682 0.1879095 0.1884959 0.2200224 0.2125952 0.2190729 0.0869273 0.1672491 0.1964975 0.2131012 0.1832904 0.0000000 0.1169036 0.1796696 0.2133032 0.2022989 0.2211145 0.2271858 0.1449113 0.0082102 0.1845748 0.0983750 0.1499325 0.1583860 0.2556614 0.1158526 0.1685933 0.1722167 0.1966488 0.1405597 0.0516332 0.4914713 
AG                             0.1666148 0.0465861 0.0650579 0.1229538 0.0938239 0.1107115 0.1501225 0.1829585 0.2017882 0.1922652 0.1781125 0.0673024 0.1378946 0.1789468 0.1872550 0.1624988 0.1169036 0.0000000 0.1574408 0.1813348 0.2144152 0.1749762 0.1929824 0.1017959 0.1228273 0.1277860 0.0932009 0.1400775 0.1041145 0.2188014 0.0395239 0.1155078 0.0907902 0.1526602 0.0345014 0.1289877 0.4899969 
cpx                            0.1600533 0.1252050 0.1295148 0.1526037 0.1544181 0.1784204 0.1332116 0.1357745 0.1714682 0.1544548 0.1421044 0.1392278 0.1105165 0.1267802 0.1353268 0.1809177 0.1796696 0.1574408 0.0000000 0.1441979 0.1746898 0.1715949 0.1616532 0.1902755 0.1864164 0.1752583 0.1478595 0.1605328 0.1444172 0.1794619 0.1646441 0.1689398 0.1947539 0.1303617 0.1813452 0.2019431 0.5103023 
DF                             0.1372956 0.1614478 0.1698369 0.2024563 0.1808831 0.1764681 0.0914430 0.1559894 0.0882214 0.1047192 0.1246058 0.1529212 0.1173587 0.1507060 0.1317425 0.1611887 0.2133032 0.1813348 0.1441979 0.0000000 0.1976431 0.1288753 0.1167615 0.1954928 0.2231031 0.1914773 0.1672510 0.1671715 0.1713708 0.1343875 0.1816324 0.1998156 0.2337043 0.1420965 0.1968057 0.2317394 0.4040590 
BC                             0.1926057 0.1804301 0.1886395 0.2197475 0.2072952 0.1983773 0.1602612 0.0352242 0.1897506 0.1871670 0.1709629 0.1712661 0.1590012 0.1437435 0.1868886 0.2037294 0.2022989 0.2144152 0.1746898 0.1976431 0.0000000 0.1693029 0.1929845 0.1990299 0.2120957 0.2499512 0.1910391 0.2396543 0.1930532 0.2110631 0.2086693 0.2153278 0.2411526 0.1091905 0.2488428 0.2463823 0.5728526 
CD                             0.1596634 0.1594762 0.1641677 0.1920413 0.1813744 0.1807736 0.1317929 0.1353946 0.0737452 0.1728412 0.1577842 0.1460191 0.1320697 0.1575215 0.1513787 0.1902445 0.2211145 0.1749762 0.1715949 0.1288753 0.1693029 0.0000000 0.1778071 0.1808424 0.2310165 0.1836534 0.1678320 0.1865401 0.1774690 0.1951932 0.1790097 0.2036425 0.2300500 0.1144422 0.1951114 0.2368011 0.4445480 
BF                             0.1761463 0.1701503 0.1977633 0.1843504 0.1881597 0.1895697 0.1381810 0.1774968 0.1524390 0.0123177 0.0914544 0.1843641 0.1194396 0.1285392 0.1158276 0.1477797 0.2271858 0.1929824 0.1616532 0.1167615 0.1929845 0.1778071 0.0000000 0.2207368 0.2373023 0.1889773 0.1946015 0.2119526 0.2028751 0.0212851 0.1945049 0.2006319 0.2318026 0.1353729 0.2237071 0.2521996 0.5594723 
BG                             0.1788233 0.0878281 0.0915390 0.1489853 0.1154043 0.1301625 0.1648464 0.1777823 0.2089102 0.2143460 0.1913557 0.0560969 0.1626938 0.1956382 0.2178919 0.1865869 0.1449113 0.1017959 0.1902755 0.1954928 0.1990299 0.1808424 0.2207368 0.0000000 0.1537516 0.1602992 0.1128898 0.1555725 0.1159755 0.2431576 0.1082570 0.1306503 0.1653864 0.1882278 0.1392139 0.1798276 0.5333577 
01B                            0.2042072 0.1008965 0.1265651 0.1787401 0.1297212 0.1571591 0.1974153 0.1978811 0.2300161 0.2224646 0.2290770 0.0985438 0.1764107 0.2063935 0.2237148 0.1928529 0.0082102 0.1228273 0.1864164 0.2231031 0.2120957 0.2310165 0.2373023 0.1537516 0.0000000 0.1913886 0.1039085 0.1586129 0.1672976 0.2662617 0.1288280 0.1781442 0.1703040 0.2062871 0.1467046 0.0617845 0.5062716 
A2D                            0.1923369 0.1102114 0.1161859 0.0543946 0.1212860 0.1432150 0.1704088 0.2126486 0.2052681 0.1833004 0.1786149 0.1206876 0.1464411 0.1983498 0.2025634 0.1572510 0.1845748 0.1277860 0.1752583 0.1914773 0.2499512 0.1836534 0.1889773 0.1602992 0.1913886 0.0000000 0.1160965 0.1666823 0.1429840 0.2096949 0.1353020 0.1644465 0.1776416 0.2017558 0.1532061 0.1922555 0.4823707 
01A1                           0.1573049 0.0660347 0.0696983 0.1048648 0.0878099 0.1026736 0.1554925 0.1526875 0.1792646 0.1815615 0.1630302 0.0667562 0.1396540 0.1420633 0.1660529 0.1519228 0.0983750 0.0932009 0.1478595 0.1672510 0.1910391 0.1678320 0.1946015 0.1128898 0.1039085 0.1160965 0.0000000 0.1314469 0.1034381 0.2124140 0.1030913 0.1352087 0.1437780 0.1511817 0.1246244 0.1259666 0.4332367 
A5U                            0.1961804 0.0904306 0.1131590 0.1300961 0.1192783 0.1412209 0.1666382 0.1899129 0.2213181 0.2105867 0.1844792 0.1222820 0.1519424 0.2249705 0.2116777 0.1947619 0.1499325 0.1400775 0.1605328 0.1671715 0.2396543 0.1865401 0.2119526 0.1555725 0.1586129 0.1666823 0.1314469 0.0000000 0.1461685 0.2443197 0.1382141 0.1543567 0.1777774 0.1859189 0.1598762 0.1782180 0.4051576 
AD                             0.1690861 0.0672320 0.0419253 0.1266764 0.0947413 0.1153411 0.1585235 0.1658679 0.1937450 0.2045381 0.1711429 0.0803573 0.1391450 0.1613816 0.1974515 0.1409850 0.1583860 0.1041145 0.1444172 0.1713708 0.1930532 0.1774690 0.2028751 0.1159755 0.1672976 0.1429840 0.1034381 0.1461685 0.0000000 0.2220059 0.1141955 0.0782770 0.1671455 0.1507589 0.1383726 0.1921054 0.5763093 
BF1                            0.1955289 0.1939226 0.2240196 0.2137852 0.2138192 0.2140915 0.1499325 0.1946731 0.1751066 0.0257267 0.1109922 0.2096032 0.1310345 0.1438999 0.1328137 0.1553546 0.2556614 0.2188014 0.1794619 0.1343875 0.2110631 0.1951932 0.0212851 0.2431576 0.2662617 0.2096949 0.2124140 0.2443197 0.2220059 0.0000000 0.2130364 0.2275268 0.2603811 0.1455788 0.2516069 0.2799057 0.5431076 
02G                            0.1638193 0.0607194 0.0776420 0.1280199 0.1035437 0.1109072 0.1475745 0.1717514 0.1962794 0.1937742 0.1771904 0.0621377 0.1309023 0.1785077 0.1837220 0.1622565 0.1158526 0.0395239 0.1646441 0.1816324 0.2086693 0.1790097 0.1945049 0.1082570 0.1288280 0.1353020 0.1030913 0.1382141 0.1141955 0.2130364 0.0000000 0.1264411 0.1023366 0.1537974 0.0369683 0.1316457 0.4392169 
A1D                            0.1861819 0.0759421 0.0597257 0.1441802 0.1137591 0.1192046 0.1656586 0.1947604 0.2226844 0.1873768 0.1964286 0.1058560 0.1590027 0.1705249 0.1891955 0.1774964 0.1685933 0.1155078 0.1689398 0.1998156 0.2153278 0.2036425 0.2006319 0.1306503 0.1781442 0.1644465 0.1352087 0.1543567 0.0782770 0.2275268 0.1264411 0.0000000 0.1704838 0.1625889 0.1526064 0.1855594 0.5354260 
02A                            0.1988664 0.1053540 0.1185433 0.1578752 0.1512069 0.0976741 0.1875445 0.2055303 0.2471240 0.2251689 0.2077473 0.1248459 0.1809245 0.1839217 0.2272063 0.2024921 0.1722167 0.0907902 0.1947539 0.2337043 0.2411526 0.2300500 0.2318026 0.1653864 0.1703040 0.1776416 0.1437780 0.1777774 0.1671455 0.2603811 0.1023366 0.1704838 0.0000000 0.1924393 0.1146670 0.1842458 0.5012768 
C2U                            0.1362358 0.1200065 0.1338753 0.1673846 0.1659748 0.1557707 0.1127395 0.0815753 0.1364625 0.1247290 0.0958983 0.1571033 0.0934658 0.0859156 0.1102580 0.1491234 0.1966488 0.1526602 0.1303617 0.1420965 0.1091905 0.1144422 0.1353729 0.1882278 0.2062871 0.2017558 0.1511817 0.1859189 0.1507589 0.1455788 0.1537974 0.1625889 0.1924393 0.0000000 0.1759933 0.2036400 0.5148468 
02B                            0.1879369 0.0778121 0.1027018 0.1476390 0.1326057 0.1401652 0.1771748 0.2081766 0.2284515 0.2199406 0.2123355 0.0969224 0.1794775 0.2117371 0.2216396 0.1951192 0.1405597 0.0345014 0.1813452 0.1968057 0.2488428 0.1951114 0.2237071 0.1392139 0.1467046 0.1532061 0.1246244 0.1598762 0.1383726 0.2516069 0.0369683 0.1526064 0.1146670 0.1759933 0.0000000 0.1489186 0.4549810 
01C                            0.2191043 0.1158250 0.1429648 0.1954307 0.1437036 0.1793732 0.2052215 0.2246032 0.2414664 0.2366098 0.2380335 0.1112048 0.1928709 0.2388134 0.2329946 0.2107122 0.0516332 0.1289877 0.2019431 0.2317394 0.2463823 0.2368011 0.2521996 0.1798276 0.0617845 0.1922555 0.1259666 0.1782180 0.1921054 0.2799057 0.1316457 0.1855594 0.1842458 0.2036400 0.1489186 0.0000000 0.4976044 
CPZ                            0.5300408 0.4531450 0.5098922 0.5103269 0.4765210 0.4860060 0.4863105 0.4864399 0.5175111 0.5299325 0.5571823 0.4334536 0.4815800 0.5130212 0.5758945 0.4584473 0.4914713 0.4899969 0.5103023 0.4040590 0.5728526 0.4445480 0.5594723 0.5333577 0.5062716 0.4823707 0.4332367 0.4051576 0.5763093 0.5431076 0.4392169 0.5354260 0.5012768 0.5148468 0.4549810 0.4976044 0.0000000 
