37
B.FR.83.HXBLAI_IIIB_BRU.K03455 0.0000000 0.1409463 0.1525159 0.2066459 0.1806671 0.1789328 0.0192254 0.1498977 0.0939684 0.1420518 0.1250625 0.1868955 0.1567488 0.1741461 0.1374874 0.1224952 0.1902751 0.1522915 0.1547648 0.1298152 0.0569107 0.1063568 0.1238370 0.1891415 0.1899281 0.1976004 0.1785026 0.1824799 0.1470412 0.1454284 0.2070585 0.0977490 0.1985603 0.1902765 0.1470131 0.2236819 0.6326160 
A                              0.1409463 0.0000000 0.0312997 0.0671689 0.0448150 0.0492106 0.1223542 0.1218710 0.0839691 0.0711026 0.0904113 0.1095380 0.1003383 0.1245027 0.0700040 0.0832637 0.0487317 0.0630992 0.0912102 0.0867928 0.1289212 0.0942248 0.0836719 0.1170986 0.0486970 0.0851294 0.0435884 0.0745789 0.0825938 0.0941805 0.1240640 0.1156433 0.0837682 0.1362670 0.0854499 0.0817828 0.5446199 
A1                             0.1525159 0.0312997 0.0000000 0.0965918 0.0727174 0.0632780 0.1403291 0.1286881 0.1020142 0.0858357 0.1124629 0.1202103 0.1236841 0.1501845 0.0906621 0.0986852 0.0622156 0.0809791 0.1164279 0.1024277 0.1473077 0.1130080 0.0970103 0.1277675 0.0621612 0.1084637 0.0544121 0.0961534 0.0763612 0.1080751 0.1282848 0.1190980 0.1050835 0.1551370 0.1021206 0.0984354 0.5961195 
A2                             0.2066459 0.0671689 0.0965918 0.0000000 0.1044164 0.0884178 0.1923817 0.1803189 0.1551250 0.1462323 0.1676559 0.1838396 0.1458289 0.1716888 0.1264319 0.1412302 0.1017717 0.0995081 0.1223962 0.1547469 0.1763247 0.1743340 0.1575512 0.1730674 0.1016481 0.0503749 0.0980622 0.1245760 0.1701737 0.1612432 0.1958354 0.2019732 0.1210277 0.1926155 0.1267079 0.1133269 0.7022722 
A3                             0.1806671 0.0448150 0.0727174 0.1044164 0.0000000 0.0794836 0.1598141 0.1810320 0.1377804 0.1166392 0.1267788 0.1367910 0.1336430 0.1564477 0.1101370 0.1125752 0.0749275 0.0958152 0.1290023 0.1247309 0.1850020 0.1613183 0.1344265 0.1420098 0.0810972 0.1271916 0.0723927 0.1124800 0.1272062 0.1424510 0.1579027 0.1604948 0.1171744 0.1808426 0.1141534 0.1166463 0.6487964 
A6                             0.1789328 0.0492106 0.0632780 0.0884178 0.0794836 0.0000000 0.1658233 0.1528684 0.1110123 0.1133082 0.1148516 0.1433542 0.1317391 0.1356381 0.1006186 0.1182160 0.0607197 0.0907295 0.1320741 0.1242995 0.1484481 0.1297641 0.1200637 0.1559479 0.0665397 0.0930141 0.0561785 0.0967258 0.1137779 0.1319548 0.1681040 0.1377712 0.1271927 0.1745750 0.1151305 0.0825693 0.6324993 
B                              0.0192254 0.1223542 0.1403291 0.1923817 0.1598141 0.1658233 0.0000000 0.1339189 0.0722880 0.1239225 0.1140644 0.1661581 0.1375280 0.1611030 0.1261431 0.1065931 0.1702592 0.1402507 0.1353981 0.1121315 0.0384054 0.0897521 0.1066811 0.1684582 0.1699703 0.1838190 0.1578644 0.1540522 0.1319585 0.1269350 0.1929371 0.0877877 0.1768032 0.1690642 0.1352311 0.2101179 0.5957096 
C                              0.1498977 0.1218710 0.1286881 0.1803189 0.1810320 0.1528684 0.1339189 0.0000000 0.1236296 0.1256231 0.1145122 0.1521018 0.1254053 0.1551375 0.1019648 0.1100659 0.1751184 0.1469047 0.1194959 0.1389539 0.1346836 0.1338724 0.1265133 0.1520058 0.1748113 0.1841106 0.1463447 0.1629235 0.1430983 0.1441490 0.1768136 0.1478456 0.1983109 0.1338786 0.1388462 0.2073318 0.5846776 
D                              0.0939684 0.0839691 0.1020142 0.1551250 0.1377804 0.1110123 0.0722880 0.1236296 0.0000000 0.0802640 0.0815893 0.1256031 0.0871780 0.1198165 0.0840229 0.0874958 0.1245110 0.1118581 0.1204741 0.0613938 0.0971648 0.0267644 0.0737532 0.1295238 0.1243350 0.1390634 0.1126164 0.1251943 0.0873995 0.0913632 0.1522364 0.0608334 0.1449083 0.1371556 0.1278583 0.1494126 0.5983686 
F1                             0.1420518 0.0711026 0.0858357 0.1462323 0.1166392 0.1133082 0.1239225 0.1256231 0.0802640 0.0000000 0.0500191 0.0942240 0.0875100 0.0974602 0.0697747 0.0839670 0.1139247 0.0978925 0.1133556 0.0597860 0.1276944 0.0925574 0.0238303 0.1119242 0.1137766 0.1594002 0.1024349 0.1206211 0.0948255 0.0412229 0.1202645 0.1037185 0.1280826 0.1313879 0.1193927 0.1458235 0.5453152 
F2                             0.1250625 0.0904113 0.1124629 0.1676559 0.1267788 0.1148516 0.1140644 0.1145122 0.0815893 0.0500191 0.0000000 0.1116547 0.0888039 0.1081452 0.0618533 0.0888450 0.1244764 0.1103530 0.1167391 0.0852651 0.1197919 0.0979533 0.0642445 0.1192102 0.1243080 0.1649985 0.1087387 0.1012330 0.1121477 0.0769397 0.1394129 0.1120070 0.1518214 0.1289978 0.1198788 0.1477669 0.5428759 
G                              0.1868955 0.1095380 0.1202103 0.1838396 0.1367910 0.1433542 0.1661581 0.1521018 0.1256031 0.0942240 0.1116547 0.0000000 0.1101904 0.1078612 0.1057920 0.1033160 0.1577306 0.0860708 0.1353163 0.1213214 0.1805942 0.1434975 0.1105336 0.0446084 0.1574731 0.1789346 0.1345766 0.1518678 0.1238814 0.1185747 0.0335688 0.1460262 0.1052344 0.1620869 0.0899395 0.1824853 0.5881324 
H                              0.1567488 0.1003383 0.1236841 0.1458289 0.1336430 0.1317391 0.1375280 0.1254053 0.0871780 0.0875100 0.0888039 0.1101904 0.0000000 0.1207667 0.0679945 0.0829037 0.1424098 0.1167358 0.1067049 0.0965299 0.1339469 0.1012207 0.1009197 0.1164006 0.1504120 0.1459683 0.1235236 0.0993464 0.1176672 0.1099063 0.1282884 0.1231586 0.1391128 0.1295001 0.1215838 0.1597915 0.5170242 
J                              0.1741461 0.1245027 0.1501845 0.1716888 0.1564477 0.1356381 0.1611030 0.1551375 0.1198165 0.0974602 0.1081452 0.1078612 0.1207667 0.0000000 0.1034689 0.1158886 0.1648618 0.1297181 0.1604069 0.1275916 0.1635730 0.1369813 0.0992244 0.1271741 0.1645882 0.1683981 0.1459237 0.1523903 0.1359549 0.0918250 0.1378365 0.1515744 0.1567605 0.1713486 0.1398261 0.1723050 0.5232346 
K                              0.1374874 0.0700040 0.0906621 0.1264319 0.1101370 0.1006186 0.1261431 0.1019648 0.0840229 0.0697747 0.0618533 0.1057920 0.0679945 0.1034689 0.0000000 0.0823663 0.1033976 0.0857218 0.0929903 0.0884613 0.1272429 0.1030466 0.0858608 0.1156193 0.1032700 0.1220046 0.0935631 0.0975446 0.1043989 0.0937841 0.1270896 0.0983697 0.1291653 0.0977008 0.0970601 0.1248115 0.5180127 
L                              0.1224952 0.0832637 0.0986852 0.1412302 0.1125752 0.1182160 0.1065931 0.1100659 0.0874958 0.0839670 0.0888450 0.1033160 0.0829037 0.1158886 0.0823663 0.0000000 0.1214205 0.1019807 0.1129715 0.0941536 0.1253348 0.0959700 0.0969571 0.1104925 0.1212548 0.1558610 0.1016941 0.1266965 0.1110031 0.1059387 0.1120356 0.1162429 0.1338527 0.1354914 0.1094117 0.1481034 0.5425656 
AE                             0.1902751 0.0487317 0.0622156 0.1017717 0.0749275 0.0607197 0.1702592 0.1751184 0.1245110 0.1139247 0.1244764 0.1577306 0.1424098 0.1648618 0.1033976 0.1214205 0.0000000 0.0948908 0.1241773 0.1399494 0.1756451 0.1443591 0.1294319 0.1580599 0.0040867 0.1186002 0.0489337 0.1066534 0.1213808 0.1491421 0.1737510 0.1543752 0.1210704 0.1722273 0.1201288 0.0292195 0.5911796 
AG                             0.1522915 0.0630992 0.0809791 0.0995081 0.0958152 0.0907295 0.1402507 0.1469047 0.1118581 0.0978925 0.1103530 0.0860708 0.1167358 0.1297181 0.0857218 0.1019807 0.0948908 0.0000000 0.0780588 0.1047492 0.1490178 0.1401341 0.1075477 0.1014642 0.0947805 0.1072933 0.0833362 0.1230699 0.1259790 0.1209811 0.1129177 0.1419892 0.0436497 0.1729340 0.0264739 0.1212195 0.6011169 
cpx                            0.1547648 0.0912102 0.1164279 0.1223962 0.1290023 0.1320741 0.1353981 0.1194959 0.1204741 0.1133556 0.1167391 0.1353163 0.1067049 0.1604069 0.0929903 0.1129715 0.1241773 0.0780588 0.0000000 0.1297776 0.1505918 0.1529177 0.1281540 0.1246860 0.1240080 0.1397318 0.1165035 0.1357800 0.1319471 0.1507072 0.1486578 0.1444159 0.1233427 0.1420733 0.0944612 0.1470277 0.5907027 
DF                             0.1298152 0.0867928 0.1024277 0.1547469 0.1247309 0.1242995 0.1121315 0.1389539 0.0613938 0.0597860 0.0852651 0.1213214 0.0965299 0.1275916 0.0884613 0.0941536 0.1399494 0.1047492 0.1297776 0.0000000 0.1268215 0.0803065 0.0591441 0.1334852 0.1397423 0.1531530 0.1119268 0.1312711 0.1035730 0.0719638 0.1515546 0.1120911 0.1289502 0.1492089 0.1271767 0.1513517 0.5450522 
BC                             0.0569107 0.1289212 0.1473077 0.1763247 0.1850020 0.1484481 0.0384054 0.1346836 0.0971648 0.1276944 0.1197919 0.1805942 0.1339469 0.1635730 0.1272429 0.1253348 0.1756451 0.1490178 0.1505918 0.1268215 0.0000000 0.1156887 0.1166332 0.1930367 0.1753448 0.1872697 0.1639466 0.1600532 0.1520272 0.1377377 0.2089915 0.1030124 0.1801656 0.1806626 0.1584811 0.1981880 0.6141905 
CD                             0.1063568 0.0942248 0.1130080 0.1743340 0.1613183 0.1297641 0.0897521 0.1338724 0.0267644 0.0925574 0.0979533 0.1434975 0.1012207 0.1369813 0.1030466 0.0959700 0.1443591 0.1401341 0.1529177 0.0803065 0.1156887 0.0000000 0.0934987 0.1476967 0.1365605 0.1587042 0.1312905 0.1523598 0.0985757 0.1043272 0.1747544 0.0708570 0.1611835 0.1595149 0.1459174 0.1729982 0.5880791 
BF                             0.1238370 0.0836719 0.0970103 0.1575512 0.1344265 0.1200637 0.1066811 0.1265133 0.0737532 0.0238303 0.0642445 0.1105336 0.1009197 0.0992244 0.0858608 0.0969571 0.1294319 0.1075477 0.1281540 0.0591441 0.1166332 0.0934987 0.0000000 0.1220707 0.1292476 0.1530662 0.1144072 0.1336231 0.1045882 0.0244023 0.1428009 0.1179639 0.1416365 0.1322672 0.1299303 0.1584143 0.5494683 
BG                             0.1891415 0.1170986 0.1277675 0.1730674 0.1420098 0.1559479 0.1684582 0.1520058 0.1295238 0.1119242 0.1192102 0.0446084 0.1164006 0.1271741 0.1156193 0.1104925 0.1580599 0.1014642 0.1246860 0.1334852 0.1930367 0.1476967 0.1220707 0.0000000 0.1578040 0.1654846 0.1369820 0.1521859 0.1254850 0.1303625 0.0858984 0.1561637 0.1239064 0.1844308 0.0926040 0.1778174 0.6244330 
01B                            0.1899281 0.0486970 0.0621612 0.1016481 0.0810972 0.0665397 0.1699703 0.1748113 0.1243350 0.1137766 0.1243080 0.1574731 0.1504120 0.1645882 0.1032700 0.1212548 0.0040867 0.0947805 0.1240080 0.1397423 0.1753448 0.1365605 0.1292476 0.1578040 0.0000000 0.1184384 0.0543683 0.1065216 0.1227664 0.1489117 0.1734459 0.1541295 0.1209077 0.1719347 0.1199654 0.0292052 0.5833125 
A2D                            0.1976004 0.0851294 0.1084637 0.0503749 0.1271916 0.0930141 0.1838190 0.1841106 0.1390634 0.1594002 0.1649985 0.1789346 0.1459683 0.1683981 0.1220046 0.1558610 0.1186002 0.1072933 0.1397318 0.1531530 0.1872697 0.1587042 0.1530662 0.1654846 0.1184384 0.0000000 0.1150150 0.1176531 0.1331005 0.1682214 0.1992370 0.1761848 0.1462100 0.1845653 0.1204801 0.1293677 0.5928859 
01A1                           0.1785026 0.0435884 0.0544121 0.0980622 0.0723927 0.0561785 0.1578644 0.1463447 0.1126164 0.1024349 0.1087387 0.1345766 0.1235236 0.1459237 0.0935631 0.1016941 0.0489337 0.0833362 0.1165035 0.1119268 0.1639466 0.1312905 0.1144072 0.1369820 0.0543683 0.1150150 0.0000000 0.0896634 0.1085488 0.1260389 0.1402682 0.1460729 0.0993764 0.1584430 0.0915045 0.0886336 0.5695087 
A5U                            0.1824799 0.0745789 0.0961534 0.1245760 0.1124800 0.0967258 0.1540522 0.1629235 0.1251943 0.1206211 0.1012330 0.1518678 0.0993464 0.1523903 0.0975446 0.1266965 0.1066534 0.1230699 0.1357800 0.1312711 0.1600532 0.1523598 0.1336231 0.1521859 0.1065216 0.1176531 0.0896634 0.0000000 0.1508375 0.1341525 0.1706114 0.1638494 0.1467811 0.1690913 0.1431240 0.1290008 0.5612416 
AD                             0.1470412 0.0825938 0.0763612 0.1701737 0.1272062 0.1137779 0.1319585 0.1430983 0.0873995 0.0948255 0.1121477 0.1238814 0.1176672 0.1359549 0.1043989 0.1110031 0.1213808 0.1259790 0.1319471 0.1035730 0.1520272 0.0985757 0.1045882 0.1254850 0.1227664 0.1331005 0.1085488 0.1508375 0.0000000 0.1248560 0.1495857 0.0795594 0.1448253 0.1689264 0.1347632 0.1472325 0.5718914 
BF1                            0.1454284 0.0941805 0.1080751 0.1612432 0.1424510 0.1319548 0.1269350 0.1441490 0.0913632 0.0412229 0.0769397 0.1185747 0.1099063 0.0918250 0.0937841 0.1059387 0.1491421 0.1209811 0.1507072 0.0719638 0.1377377 0.1043272 0.0244023 0.1303625 0.1489117 0.1682214 0.1260389 0.1341525 0.1248560 0.0000000 0.1414407 0.1342332 0.1571911 0.1500140 0.1376457 0.1823449 0.5005572 
02G                            0.2070585 0.1240640 0.1282848 0.1958354 0.1579027 0.1681040 0.1929371 0.1768136 0.1522364 0.1202645 0.1394129 0.0335688 0.1282884 0.1378365 0.1270896 0.1120356 0.1737510 0.1129177 0.1486578 0.1515546 0.2089915 0.1747544 0.1428009 0.0858984 0.1734459 0.1992370 0.1402682 0.1706114 0.1495857 0.1414407 0.0000000 0.1656133 0.1418230 0.1836449 0.1245653 0.2029230 0.5949589 
A1D                            0.0977490 0.1156433 0.1190980 0.2019732 0.1604948 0.1377712 0.0877877 0.1478456 0.0608334 0.1037185 0.1120070 0.1460262 0.1231586 0.1515744 0.0983697 0.1162429 0.1543752 0.1419892 0.1444159 0.1120911 0.1030124 0.0708570 0.1179639 0.1561637 0.1541295 0.1761848 0.1460729 0.1638494 0.0795594 0.1342332 0.1656133 0.0000000 0.1662395 0.1613995 0.1353991 0.1882284 0.5529567 
02A                            0.1985603 0.0837682 0.1050835 0.1210277 0.1171744 0.1271927 0.1768032 0.1983109 0.1449083 0.1280826 0.1518214 0.1052344 0.1391128 0.1567605 0.1291653 0.1338527 0.1210704 0.0436497 0.1233427 0.1289502 0.1801656 0.1611835 0.1416365 0.1239064 0.1209077 0.1462100 0.0993764 0.1467811 0.1448253 0.1571911 0.1418230 0.1662395 0.0000000 0.2092190 0.0722369 0.1465220 0.6616888 
C2U                            0.1902765 0.1362670 0.1551370 0.1926155 0.1808426 0.1745750 0.1690642 0.1338786 0.1371556 0.1313879 0.1289978 0.1620869 0.1295001 0.1713486 0.0977008 0.1354914 0.1722273 0.1729340 0.1420733 0.1492089 0.1806626 0.1595149 0.1322672 0.1844308 0.1719347 0.1845653 0.1584430 0.1690913 0.1689264 0.1500140 0.1836449 0.1613995 0.2092190 0.0000000 0.1914581 0.1954962 0.6292695 
02B                            0.1470131 0.0854499 0.1021206 0.1267079 0.1141534 0.1151305 0.1352311 0.1388462 0.1278583 0.1193927 0.1198788 0.0899395 0.1215838 0.1398261 0.0970601 0.1094117 0.1201288 0.0264739 0.0944612 0.1271767 0.1584811 0.1459174 0.1299303 0.0926040 0.1199654 0.1204801 0.0915045 0.1431240 0.1347632 0.1376457 0.1245653 0.1353991 0.0722369 0.1914581 0.0000000 0.1496330 0.5818424 
01C                            0.2236819 0.0817828 0.0984354 0.1133269 0.1166463 0.0825693 0.2101179 0.2073318 0.1494126 0.1458235 0.1477669 0.1824853 0.1597915 0.1723050 0.1248115 0.1481034 0.0292195 0.1212195 0.1470277 0.1513517 0.1981880 0.1729982 0.1584143 0.1778174 0.0292052 0.1293677 0.0886336 0.1290008 0.1472325 0.1823449 0.2029230 0.1882284 0.1465220 0.1954962 0.1496330 0.0000000 0.5956575 
CPZ                            0.6326160 0.5446199 0.5961195 0.7022722 0.6487964 0.6324993 0.5957096 0.5846776 0.5983686 0.5453152 0.5428759 0.5881324 0.5170242 0.5232346 0.5180127 0.5425656 0.5911796 0.6011169 0.5907027 0.5450522 0.6141905 0.5880791 0.5494683 0.6244330 0.5833125 0.5928859 0.5695087 0.5612416 0.5718914 0.5005572 0.5949589 0.5529567 0.6616888 0.6292695 0.5818424 0.5956575 0.0000000 
