37
B.FR.83.HXBLAI_IIIB_BRU.K03455 0.0000000 0.1898753 0.1889417 0.2141056 0.2183018 0.2023102 0.0492326 0.1984583 0.0973678 0.2300204 0.2910197 0.1930509 0.1832439 0.2172876 0.2340494 0.2241522 0.2335451 0.1930113 0.2184976 0.1528218 0.2465738 0.1066002 0.1291936 0.1715293 0.1691622 0.2283652 0.2424279 0.2592376 0.2262178 0.2509081 0.2197767 0.1338103 0.2461164 0.2361609 0.2606497 0.2153189 0.5686112 
A                              0.1898753 0.0000000 0.0255629 0.0601301 0.0518826 0.0567289 0.1624317 0.1322495 0.1624579 0.1848021 0.1776892 0.0826739 0.1666862 0.0999904 0.1831537 0.1931109 0.1358213 0.0778094 0.1945779 0.1482306 0.1777456 0.1734615 0.1331626 0.1402926 0.1391628 0.0837518 0.0398469 0.0967395 0.0570898 0.2118742 0.1250962 0.2059427 0.1226519 0.1944804 0.1225021 0.1632622 0.5443045 
A1                             0.1889417 0.0255629 0.0000000 0.0785722 0.0546755 0.0694675 0.1591448 0.1399683 0.1639634 0.1812793 0.1793775 0.0763894 0.1651741 0.0986645 0.1795563 0.1780728 0.1329286 0.0841428 0.1746435 0.1450595 0.1961499 0.1725016 0.1275901 0.1438304 0.1252265 0.0954714 0.0528255 0.1106487 0.0468120 0.2022829 0.1177110 0.2078240 0.1429744 0.1933084 0.1283896 0.1649865 0.5515146 
A2                             0.2141056 0.0601301 0.0785722 0.0000000 0.1126992 0.1108800 0.2002332 0.1616239 0.1801174 0.2236577 0.2163409 0.1223288 0.2210439 0.1537082 0.2133295 0.2651759 0.1500827 0.1230958 0.2398612 0.2050288 0.2105318 0.2129440 0.1790004 0.1619400 0.1506641 0.0368416 0.0852467 0.1099962 0.1056599 0.2534391 0.1656766 0.2257809 0.1745921 0.1977571 0.1630026 0.1729944 0.5439955 
A3                             0.2183018 0.0518826 0.0546755 0.1126992 0.0000000 0.0863618 0.1830028 0.1549824 0.1796885 0.1999597 0.2149251 0.1109055 0.1877579 0.1436339 0.2047962 0.2414440 0.1822921 0.1160422 0.2125570 0.1767965 0.2033879 0.1971140 0.1607426 0.1758961 0.1917585 0.1405950 0.0919372 0.1338272 0.1020615 0.2418859 0.1612350 0.2276540 0.1595940 0.1852844 0.1518609 0.1952698 0.5502145 
A6                             0.2023102 0.0567289 0.0694675 0.1108800 0.0863618 0.0000000 0.1940370 0.1605362 0.1899162 0.2100844 0.2050159 0.0953829 0.1965253 0.1099516 0.1825556 0.1949269 0.1359202 0.0938035 0.2129428 0.1745504 0.1916554 0.1910233 0.1646402 0.1288891 0.1456785 0.1322364 0.0814711 0.1369322 0.1101089 0.2600909 0.1233162 0.2434450 0.1224069 0.2336952 0.1530622 0.1589121 0.5642982 
B                              0.0492326 0.1624317 0.1591448 0.2002332 0.1830028 0.1940370 0.0000000 0.1739071 0.0928063 0.1863752 0.2425421 0.1570501 0.1666551 0.1992098 0.2150338 0.1985594 0.2099567 0.1595128 0.2127964 0.1245550 0.2273121 0.0994321 0.1053006 0.1534875 0.1313660 0.2031466 0.2153554 0.2265608 0.2037178 0.2127180 0.1889340 0.1350701 0.2121048 0.2181330 0.2096921 0.1870903 0.5348497 
C                              0.1984583 0.1322495 0.1399683 0.1616239 0.1549824 0.1605362 0.1739071 0.0000000 0.1747802 0.1936054 0.1828449 0.1416974 0.1461251 0.1512840 0.1986655 0.1906383 0.1657503 0.1408906 0.2222797 0.1768218 0.0485635 0.1935525 0.1683420 0.1912935 0.1870753 0.1734756 0.1640903 0.2213231 0.1733901 0.2368361 0.1750737 0.2156119 0.1833071 0.1498167 0.1898965 0.1827380 0.6605346 
D                              0.0973678 0.1624579 0.1639634 0.1801174 0.1796885 0.1899162 0.0928063 0.1747802 0.0000000 0.1739670 0.2344706 0.1580988 0.1566285 0.1724648 0.1984637 0.2193606 0.2199233 0.1674559 0.1871759 0.0908618 0.2036677 0.0224778 0.1288964 0.1669731 0.1522739 0.2198969 0.2106765 0.2060723 0.2156654 0.2068624 0.1947856 0.0465088 0.2203455 0.2125396 0.2251659 0.2019810 0.4892504 
F1                             0.2300204 0.1848021 0.1812793 0.2236577 0.1999597 0.2100844 0.1863752 0.1936054 0.1739670 0.0000000 0.0999867 0.1520973 0.1626943 0.1833689 0.0862644 0.1903168 0.2136207 0.1726422 0.2030343 0.1126385 0.2134115 0.1801143 0.0781029 0.2074995 0.1845663 0.2463948 0.2350215 0.2218186 0.2087982 0.0550729 0.1738753 0.2301296 0.1885414 0.2107682 0.2009997 0.2180472 0.5878685 
F2                             0.2910197 0.1776892 0.1793775 0.2163409 0.2149251 0.2050159 0.2425421 0.1828449 0.2344706 0.0999867 0.0000000 0.1994996 0.2010572 0.1863332 0.1013483 0.1815257 0.2493589 0.1831007 0.2674376 0.2100530 0.2301503 0.2453554 0.1830722 0.2247932 0.2165090 0.2397871 0.2267732 0.2295600 0.1950754 0.1303208 0.2360699 0.2584821 0.2315068 0.2856174 0.1979706 0.2761307 0.6050353 
G                              0.1930509 0.0826739 0.0763894 0.1223288 0.1109055 0.0953829 0.1570501 0.1416974 0.1580988 0.1520973 0.1994996 0.0000000 0.1405502 0.1170879 0.1582674 0.1935712 0.0986234 0.0611122 0.1811346 0.1529099 0.1950888 0.1630380 0.1174660 0.0854918 0.0901035 0.1262073 0.1043841 0.1565481 0.1157761 0.1977064 0.0414345 0.2149908 0.1140720 0.1932557 0.1087732 0.1055482 0.6041061 
H                              0.1832439 0.1666862 0.1651741 0.2210439 0.1877579 0.1965253 0.1666551 0.1461251 0.1566285 0.1626943 0.2010572 0.1405502 0.0000000 0.1803179 0.1687023 0.2002853 0.1843111 0.1612609 0.1186959 0.1473141 0.1825219 0.1678061 0.1433453 0.2104735 0.1741101 0.2096076 0.2038181 0.1913546 0.1977661 0.2234076 0.1629488 0.2151100 0.1816070 0.2118245 0.1846312 0.1754802 0.6216879 
J                              0.2172876 0.0999904 0.0986645 0.1537082 0.1436339 0.1099516 0.1992098 0.1512840 0.1724648 0.1833689 0.1863332 0.1170879 0.1803179 0.0000000 0.1898331 0.2325912 0.1887543 0.1176057 0.2105071 0.1814739 0.1946811 0.1773132 0.1502720 0.1698533 0.1795186 0.1642431 0.1210123 0.1277825 0.1055819 0.1930763 0.1575756 0.2035498 0.1758117 0.1890675 0.1617617 0.2202693 0.4506186 
K                              0.2340494 0.1831537 0.1795563 0.2133295 0.2047962 0.1825556 0.2150338 0.1986655 0.1984637 0.0862644 0.1013483 0.1582674 0.1687023 0.1898331 0.0000000 0.1546698 0.2256565 0.1636900 0.2062504 0.1651249 0.2259816 0.2122282 0.1436794 0.2262828 0.1991315 0.2275510 0.2153395 0.2375641 0.1985051 0.1350386 0.1882389 0.2427320 0.2210802 0.2298437 0.1835877 0.2327346 0.5759507 
L                              0.2241522 0.1931109 0.1780728 0.2651759 0.2414440 0.1949269 0.1985594 0.1906383 0.2193606 0.1903168 0.1815257 0.1935712 0.2002853 0.2325912 0.1546698 0.0000000 0.2342462 0.2045134 0.2073689 0.1761531 0.2246427 0.2197233 0.1902951 0.2166741 0.2031218 0.2558176 0.2166518 0.2741750 0.2411907 0.2052808 0.2181362 0.2524098 0.2106733 0.2967885 0.2178874 0.2381861 0.5659022 
AE                             0.2335451 0.1358213 0.1329286 0.1500827 0.1822921 0.1359202 0.2099567 0.1657503 0.2199233 0.2136207 0.2493589 0.0986234 0.1843111 0.1887543 0.2256565 0.2342462 0.0000000 0.0845176 0.2327640 0.2235148 0.2076669 0.2285788 0.1625505 0.1302141 0.0827094 0.1731807 0.1775489 0.2035134 0.1683268 0.2220340 0.1413002 0.2487042 0.1306277 0.2583763 0.1347073 0.0356869 0.6578582 
AG                             0.1930113 0.0778094 0.0841428 0.1230958 0.1160422 0.0938035 0.1595128 0.1408906 0.1674559 0.1726422 0.1831007 0.0611122 0.1612609 0.1176057 0.1636900 0.2045134 0.0845176 0.0000000 0.1827767 0.1725871 0.1955160 0.1898847 0.1373199 0.1090960 0.0923102 0.1588758 0.1053001 0.1624667 0.1220001 0.2226755 0.1030820 0.2175955 0.0691851 0.2030679 0.0521265 0.1050072 0.5863120 
cpx                            0.2184976 0.1945779 0.1746435 0.2398612 0.2125570 0.2129428 0.2127964 0.2222797 0.1871759 0.2030343 0.2674376 0.1811346 0.1186959 0.2105071 0.2062504 0.2073689 0.2327640 0.1827767 0.0000000 0.1551307 0.2605177 0.2015083 0.1859708 0.2817652 0.2217231 0.2637817 0.2150127 0.2290072 0.1956612 0.2463486 0.2156075 0.2451201 0.1962162 0.2483709 0.2094692 0.2243724 0.6031715 
DF                             0.1528218 0.1482306 0.1450595 0.2050288 0.1767965 0.1745504 0.1245550 0.1768218 0.0908618 0.1126385 0.2100530 0.1529099 0.1473141 0.1814739 0.1651249 0.1761531 0.2235148 0.1725871 0.1551307 0.0000000 0.2059343 0.1035781 0.0841639 0.2136815 0.1714190 0.2182135 0.1992253 0.2026286 0.1831542 0.1678368 0.1739305 0.1348786 0.1916573 0.1866437 0.2334098 0.2232876 0.5565160 
BC                             0.2465738 0.1777456 0.1961499 0.2105318 0.2033879 0.1916554 0.2273121 0.0485635 0.2036677 0.2134115 0.2301503 0.1950888 0.1825219 0.1946811 0.2259816 0.2246427 0.2076669 0.1955160 0.2605177 0.2059343 0.0000000 0.2046964 0.1977805 0.2337333 0.2402469 0.2165394 0.2217091 0.2573632 0.2208029 0.2499465 0.2356173 0.2565884 0.2332904 0.1926199 0.2277179 0.2435838 0.6904560 
CD                             0.1066002 0.1734615 0.1725016 0.2129440 0.1971140 0.1910233 0.0994321 0.1935525 0.0224778 0.1801143 0.2453554 0.1630380 0.1678061 0.1773132 0.2122282 0.2197233 0.2285788 0.1898847 0.2015083 0.1035781 0.2046964 0.0000000 0.1311890 0.1674079 0.1643863 0.2134607 0.2315673 0.2206502 0.2215254 0.2222972 0.1963778 0.0602873 0.2334401 0.2314892 0.2365194 0.2163169 0.4652958 
BF                             0.1291936 0.1331626 0.1275901 0.1790004 0.1607426 0.1646402 0.1053006 0.1683420 0.1288964 0.0781029 0.1830722 0.1174660 0.1433453 0.1502720 0.1436794 0.1902951 0.1625505 0.1373199 0.1859708 0.0841639 0.1977805 0.1311890 0.0000000 0.1834102 0.1274735 0.1915865 0.1829774 0.1848071 0.1528282 0.0880189 0.1302838 0.1695501 0.1549829 0.1946119 0.1950144 0.1571055 0.5091485 
BG                             0.1715293 0.1402926 0.1438304 0.1619400 0.1758961 0.1288891 0.1534875 0.1912935 0.1669731 0.2074995 0.2247932 0.0854918 0.2104735 0.1698533 0.2262828 0.2166741 0.1302141 0.1090960 0.2817652 0.2136815 0.2337333 0.1674079 0.1834102 0.0000000 0.1122197 0.1738863 0.1648126 0.2023803 0.1658174 0.2717525 0.1234829 0.2060775 0.1425467 0.2915959 0.1496550 0.1378586 0.5747974 
01B                            0.1691622 0.1391628 0.1252265 0.1506641 0.1917585 0.1456785 0.1313660 0.1870753 0.1522739 0.1845663 0.2165090 0.0901035 0.1741101 0.1795186 0.1991315 0.2031218 0.0827094 0.0923102 0.2217231 0.1714190 0.2402469 0.1643863 0.1274735 0.1122197 0.0000000 0.1618696 0.1740158 0.1999836 0.1603082 0.2031252 0.1221950 0.2038494 0.1479020 0.2518167 0.1540802 0.0919409 0.6110978 
A2D                            0.2283652 0.0837518 0.0954714 0.0368416 0.1405950 0.1322364 0.2031466 0.1734756 0.2198969 0.2463948 0.2397871 0.1262073 0.2096076 0.1642431 0.2275510 0.2558176 0.1731807 0.1588758 0.2637817 0.2182135 0.2165394 0.2134607 0.1915865 0.1738863 0.1618696 0.0000000 0.1050331 0.1315808 0.1121148 0.2873633 0.1654638 0.2705747 0.2005125 0.2112218 0.1868198 0.2007824 0.5135755 
01A1                           0.2424279 0.0398469 0.0528255 0.0852467 0.0919372 0.0814711 0.2153554 0.1640903 0.2106765 0.2350215 0.2267732 0.1043841 0.2038181 0.1210123 0.2153395 0.2166518 0.1775489 0.1053001 0.2150127 0.1992253 0.2217091 0.2315673 0.1829774 0.1648126 0.1740158 0.1050331 0.0000000 0.1258742 0.0852140 0.2688740 0.1436370 0.2425915 0.1415945 0.2196875 0.1637664 0.2039144 0.6084510 
A5U                            0.2592376 0.0967395 0.1106487 0.1099962 0.1338272 0.1369322 0.2265608 0.2213231 0.2060723 0.2218186 0.2295600 0.1565481 0.1913546 0.1277825 0.2375641 0.2741750 0.2035134 0.1624667 0.2290072 0.2026286 0.2573632 0.2206502 0.1848071 0.2023803 0.1999836 0.1315808 0.1258742 0.0000000 0.1098946 0.2511272 0.1964158 0.2557052 0.2148325 0.2108959 0.1728393 0.2176793 0.5262476 
AD                             0.2262178 0.0570898 0.0468120 0.1056599 0.1020615 0.1101089 0.2037178 0.1733901 0.2156654 0.2087982 0.1950754 0.1157761 0.1977661 0.1055819 0.1985051 0.2411907 0.1683268 0.1220001 0.1956612 0.1831542 0.2208029 0.2215254 0.1528282 0.1658174 0.1603082 0.1121148 0.0852140 0.1098946 0.0000000 0.2407331 0.1699622 0.2570844 0.1769201 0.2294473 0.1566164 0.2015262 0.5954513 
BF1                            0.2509081 0.2118742 0.2022829 0.2534391 0.2418859 0.2600909 0.2127180 0.2368361 0.2068624 0.0550729 0.1303208 0.1977064 0.2234076 0.1930763 0.1350386 0.2052808 0.2220340 0.2226755 0.2463486 0.1678368 0.2499465 0.2222972 0.0880189 0.2717525 0.2031252 0.2873633 0.2688740 0.2511272 0.2407331 0.0000000 0.2309904 0.2371926 0.2404807 0.2632031 0.2359838 0.2375838 0.5976008 
02G                            0.2197767 0.1250962 0.1177110 0.1656766 0.1612350 0.1233162 0.1889340 0.1750737 0.1947856 0.1738753 0.2360699 0.0414345 0.1629488 0.1575756 0.1882389 0.2181362 0.1413002 0.1030820 0.2156075 0.1739305 0.2356173 0.1963778 0.1302838 0.1234829 0.1221950 0.1654638 0.1436370 0.1964158 0.1699622 0.2309904 0.0000000 0.2492818 0.1286092 0.2347418 0.1528588 0.1413107 0.6318285 
A1D                            0.1338103 0.2059427 0.2078240 0.2257809 0.2276540 0.2434450 0.1350701 0.2156119 0.0465088 0.2301296 0.2584821 0.2149908 0.2151100 0.2035498 0.2427320 0.2524098 0.2487042 0.2175955 0.2451201 0.1348786 0.2565884 0.0602873 0.1695501 0.2060775 0.2038494 0.2705747 0.2425915 0.2557052 0.2570844 0.2371926 0.2492818 0.0000000 0.2812517 0.2536358 0.2697845 0.2466307 0.4718554 
02A                            0.2461164 0.1226519 0.1429744 0.1745921 0.1595940 0.1224069 0.2121048 0.1833071 0.2203455 0.1885414 0.2315068 0.1140720 0.1816070 0.1758117 0.2210802 0.2106733 0.1306277 0.0691851 0.1962162 0.1916573 0.2332904 0.2334401 0.1549829 0.1425467 0.1479020 0.2005125 0.1415945 0.2148325 0.1769201 0.2404807 0.1286092 0.2812517 0.0000000 0.2352221 0.1216866 0.1362959 0.6186052 
C2U                            0.2361609 0.1944804 0.1933084 0.1977571 0.1852844 0.2336952 0.2181330 0.1498167 0.2125396 0.2107682 0.2856174 0.1932557 0.2118245 0.1890675 0.2298437 0.2967885 0.2583763 0.2030679 0.2483709 0.1866437 0.1926199 0.2314892 0.1946119 0.2915959 0.2518167 0.2112218 0.2196875 0.2108959 0.2294473 0.2632031 0.2347418 0.2536358 0.2352221 0.0000000 0.2377442 0.2692481 0.6241179 
02B                            0.2606497 0.1225021 0.1283896 0.1630026 0.1518609 0.1530622 0.2096921 0.1898965 0.2251659 0.2009997 0.1979706 0.1087732 0.1846312 0.1617617 0.1835877 0.2178874 0.1347073 0.0521265 0.2094692 0.2334098 0.2277179 0.2365194 0.1950144 0.1496550 0.1540802 0.1868198 0.1637664 0.1728393 0.1566164 0.2359838 0.1528588 0.2697845 0.1216866 0.2377442 0.0000000 0.1512781 0.4853938 
01C                            0.2153189 0.1632622 0.1649865 0.1729944 0.1952698 0.1589121 0.1870903 0.1827380 0.2019810 0.2180472 0.2761307 0.1055482 0.1754802 0.2202693 0.2327346 0.2381861 0.0356869 0.1050072 0.2243724 0.2232876 0.2435838 0.2163169 0.1571055 0.1378586 0.0919409 0.2007824 0.2039144 0.2176793 0.2015262 0.2375838 0.1413107 0.2466307 0.1362959 0.2692481 0.1512781 0.0000000 0.6214963 
CPZ                            0.5686112 0.5443045 0.5515146 0.5439955 0.5502145 0.5642982 0.5348497 0.6605346 0.4892504 0.5878685 0.6050353 0.6041061 0.6216879 0.4506186 0.5759507 0.5659022 0.6578582 0.5863120 0.6031715 0.5565160 0.6904560 0.4652958 0.5091485 0.5747974 0.6110978 0.5135755 0.6084510 0.5262476 0.5954513 0.5976008 0.6318285 0.4718554 0.6186052 0.6241179 0.4853938 0.6214963 0.0000000 
