37
B.FR.83.HXBLAI_IIIB_BRU.K03455 0.0000000 0.1417874 0.1569309 0.1648148 0.1748951 0.2125439 0.0286465 0.1674901 0.0864748 0.1080435 0.1191744 0.1273440 0.1383900 0.1249142 0.1225123 0.1442666 0.1899446 0.1365326 0.1483860 0.1336934 0.1740044 0.1008676 0.1382013 0.1470399 0.1899446 0.1636981 0.2000062 0.1580261 0.1763488 0.1330188 0.1299764 0.1777590 0.1647568 0.1235977 0.0944014 0.1988905 0.2716869 
A                              0.1417874 0.0000000 0.0262567 0.0898901 0.0363213 0.0453395 0.1193362 0.0955500 0.1108393 0.0914266 0.0820830 0.0876628 0.0909199 0.0831659 0.0848335 0.0836054 0.0382645 0.0706503 0.1133494 0.1043259 0.1022903 0.1334087 0.1204940 0.0970568 0.0382645 0.0934709 0.0563304 0.0816932 0.0474144 0.1205782 0.0870559 0.0552865 0.0918089 0.0791966 0.1293679 0.0649085 0.2687684 
A1                             0.1569309 0.0262567 0.0000000 0.0992919 0.0496133 0.0691305 0.1327675 0.1052328 0.1159790 0.1073450 0.0902099 0.0839650 0.0871361 0.0795904 0.0934889 0.0922038 0.0547377 0.0727846 0.1314333 0.1144606 0.0989962 0.1250170 0.1389887 0.1139170 0.0547377 0.1167802 0.0521048 0.0900591 0.0463258 0.1390892 0.0898056 0.0409716 0.0943283 0.0875678 0.1432882 0.0839928 0.3047121 
A2                             0.1648148 0.0898901 0.0992919 0.0000000 0.1245216 0.1266471 0.1388860 0.1197554 0.1373361 0.1259010 0.1212159 0.1115276 0.0896251 0.0949828 0.1169991 0.1188865 0.1231945 0.0990596 0.1238473 0.1271966 0.1142677 0.1572002 0.1260966 0.1357664 0.1231945 0.0309249 0.1217833 0.0910025 0.1283687 0.1261861 0.1111046 0.1319971 0.1203557 0.1099891 0.1407007 0.1549858 0.2307070 
A3                             0.1748951 0.0363213 0.0496133 0.1245216 0.0000000 0.0891007 0.1491983 0.1326489 0.1389216 0.1250296 0.1133082 0.0998331 0.1030655 0.1008240 0.1087351 0.1193719 0.0667499 0.0880960 0.1427341 0.1312415 0.1394024 0.1613059 0.1588827 0.1161754 0.0667499 0.1280989 0.0711248 0.1017383 0.0808600 0.1589992 0.1011797 0.0862835 0.1274319 0.1079788 0.1516510 0.0851637 0.2908759 
A6                             0.2125439 0.0453395 0.0691305 0.1266471 0.0891007 0.0000000 0.1754036 0.1508138 0.1438197 0.1543899 0.1312900 0.1282268 0.1617089 0.1528053 0.1462385 0.1532860 0.0845485 0.1204857 0.1478741 0.1244939 0.1572994 0.1714225 0.1672117 0.1369336 0.0845485 0.1376649 0.1051199 0.1254246 0.0821178 0.1673325 0.1411897 0.1129112 0.0743874 0.1541256 0.1763053 0.1194288 0.2899272 
B                              0.0286465 0.1193362 0.1327675 0.1388860 0.1491983 0.1754036 0.0000000 0.1344641 0.0670344 0.0889061 0.0926326 0.0932175 0.1230003 0.1062558 0.0950633 0.1191172 0.1654655 0.1076981 0.1247865 0.1061844 0.1412697 0.0799490 0.1249955 0.1166427 0.1654655 0.1464729 0.1718299 0.1339572 0.1503047 0.1181068 0.1083312 0.1448076 0.1255770 0.1024326 0.0654572 0.1841964 0.2422312 
C                              0.1674901 0.0955500 0.1052328 0.1197554 0.1326489 0.1508138 0.1344641 0.0000000 0.1228416 0.0809051 0.0819980 0.0939096 0.1100477 0.0725794 0.0744247 0.1013075 0.1440248 0.0931365 0.1152936 0.1127309 0.0263393 0.1050236 0.1163360 0.1148765 0.1440248 0.1254086 0.1188410 0.0895711 0.1287456 0.1095156 0.1088545 0.1247189 0.1252553 0.0733729 0.1402210 0.1659360 0.2432018 
D                              0.0864748 0.1108393 0.1159790 0.1373361 0.1389216 0.1438197 0.0670344 0.1228416 0.0000000 0.0814934 0.0828956 0.1045218 0.1071269 0.0979373 0.0807174 0.1090984 0.1557199 0.1056717 0.1198123 0.0798741 0.1294450 0.0234785 0.1166724 0.1283641 0.1557199 0.1337774 0.1593852 0.1232393 0.1083244 0.1099760 0.0998444 0.1499049 0.1234320 0.0881036 0.1011909 0.1736987 0.2807531 
F1                             0.1080435 0.0914266 0.1073450 0.1259010 0.1250296 0.1543899 0.0889061 0.0809051 0.0814934 0.0000000 0.0289009 0.1015236 0.0793559 0.0752642 0.0500072 0.0948854 0.1345501 0.0984447 0.0754386 0.0543743 0.1002017 0.1016945 0.0262890 0.1067404 0.1345501 0.1301492 0.1333739 0.1075742 0.1327554 0.0263041 0.1054814 0.1197430 0.1243658 0.0790733 0.1083110 0.1657296 0.2430675 
F2                             0.1191744 0.0820830 0.0902099 0.1212159 0.1133082 0.1312900 0.0926326 0.0819980 0.0828956 0.0289009 0.0000000 0.0828910 0.0767119 0.0669635 0.0382430 0.0832280 0.1285782 0.0904644 0.0751500 0.0570726 0.1009002 0.1028290 0.0551715 0.0982981 0.1285782 0.1252704 0.1139001 0.0947751 0.1179107 0.0552059 0.0971744 0.1080056 0.1211692 0.0764488 0.1057483 0.1509364 0.2530203 
G                              0.1273440 0.0876628 0.0839650 0.1115276 0.0998331 0.1282268 0.0932175 0.0939096 0.1045218 0.1015236 0.0828910 0.0000000 0.0877924 0.0727257 0.0831426 0.1069328 0.1292234 0.0284873 0.1261416 0.0997484 0.0881680 0.1084725 0.1405416 0.0511929 0.1292234 0.1371113 0.1160905 0.0907584 0.1234546 0.1353357 0.0381975 0.1160690 0.0774053 0.0900137 0.0924384 0.1566138 0.2653071 
H                              0.1383900 0.0909199 0.0871361 0.0896251 0.1030655 0.1617089 0.1230003 0.1100477 0.1071269 0.0793559 0.0767119 0.0877924 0.0000000 0.0633370 0.0787892 0.1047810 0.1319256 0.0892432 0.1135305 0.0980381 0.1101831 0.1058511 0.1005404 0.1178160 0.1319256 0.1056223 0.1100822 0.1077462 0.1338145 0.1006099 0.0897172 0.1106807 0.1283109 0.0705645 0.1099271 0.1544596 0.2545609 
J                              0.1249142 0.0831659 0.0795904 0.0949828 0.1008240 0.1528053 0.1062558 0.0725794 0.0979373 0.0752642 0.0669635 0.0727257 0.0633370 0.0000000 0.0575244 0.0906167 0.1169804 0.0684803 0.1236639 0.1017460 0.0795314 0.0927545 0.1100062 0.1081303 0.1169804 0.1190081 0.0998052 0.1105949 0.1382130 0.1100845 0.0747639 0.0967788 0.1319546 0.0654700 0.1092148 0.1540831 0.2802574 
K                              0.1225123 0.0848335 0.0934889 0.1169991 0.1087351 0.1462385 0.0950633 0.0744247 0.0807174 0.0500072 0.0382430 0.0831426 0.0787892 0.0575244 0.0000000 0.0986301 0.1317466 0.0970007 0.0795113 0.0715110 0.0934643 0.0877583 0.0798946 0.1117787 0.1317466 0.1007912 0.1104054 0.0959745 0.1322160 0.0739703 0.1039250 0.1180174 0.1302588 0.0620343 0.1196437 0.1550388 0.2557720 
L                              0.1442666 0.0836054 0.0922038 0.1188865 0.1193719 0.1532860 0.1191172 0.1013075 0.1090984 0.0948854 0.0832280 0.1069328 0.1047810 0.0906167 0.0986301 0.0000000 0.1221280 0.1015439 0.1362815 0.1125270 0.1147653 0.1319031 0.1175512 0.1236856 0.1221280 0.1230514 0.1073146 0.1132243 0.1242993 0.1176336 0.1021116 0.1267408 0.1504976 0.0921096 0.1220293 0.1452534 0.2653503 
AE                             0.1899446 0.0382645 0.0547377 0.1231945 0.0667499 0.0845485 0.1654655 0.1440248 0.1557199 0.1345501 0.1285782 0.1292234 0.1319256 0.1169804 0.1317466 0.1221280 0.0000000 0.1016983 0.1585386 0.1567289 0.1354976 0.1817223 0.1681660 0.1398610 0.0000010 0.1493174 0.0680279 0.1222308 0.0744464 0.1682850 0.1208309 0.0904154 0.1191305 0.1252667 0.1764294 0.0305079 0.3085716 
AG                             0.1365326 0.0706503 0.0727846 0.0990596 0.0880960 0.1204857 0.1076981 0.0931365 0.1056717 0.0984447 0.0904644 0.0284873 0.0892432 0.0684803 0.0970007 0.1015439 0.1016983 0.0000000 0.1131010 0.1031045 0.0814372 0.1095601 0.1357504 0.0378132 0.1016983 0.1302222 0.1006139 0.0839830 0.1033837 0.1307974 0.0192025 0.1030827 0.0687703 0.0977221 0.0872391 0.1263680 0.2733903 
cpx                            0.1483860 0.1133494 0.1314333 0.1238473 0.1427341 0.1478741 0.1247865 0.1152936 0.1198123 0.0754386 0.0751500 0.1261416 0.1135305 0.1236639 0.0795113 0.1362815 0.1585386 0.1131010 0.0000000 0.0957540 0.1289519 0.1455948 0.0861908 0.1146582 0.1585386 0.1344847 0.1602530 0.1131839 0.1462905 0.0803078 0.1348450 0.1441817 0.1326404 0.1204707 0.1429546 0.1748750 0.2435015 
DF                             0.1336934 0.1043259 0.1144606 0.1271966 0.1312415 0.1244939 0.1061844 0.1127309 0.0798741 0.0543743 0.0570726 0.0997484 0.0980381 0.1017460 0.0715110 0.1125270 0.1567289 0.1031045 0.0957540 0.0000000 0.1261297 0.1078611 0.0668031 0.1044161 0.1567289 0.1375779 0.1488176 0.1133325 0.1297741 0.0668460 0.1036753 0.1414977 0.1120204 0.1111240 0.1074533 0.1818642 0.2586060 
BC                             0.1740044 0.1022903 0.0989962 0.1142677 0.1394024 0.1572994 0.1412697 0.0263393 0.1294450 0.1002017 0.1009002 0.0881680 0.1101831 0.0795314 0.0934643 0.1147653 0.1354976 0.0814372 0.1289519 0.1261297 0.0000000 0.1117211 0.1371482 0.1148936 0.1354976 0.1341385 0.1113647 0.1026375 0.1284073 0.1301885 0.0941670 0.1313704 0.1111873 0.0686127 0.1395681 0.1562357 0.2558920 
CD                             0.1008676 0.1334087 0.1250170 0.1572002 0.1613059 0.1714225 0.0799490 0.1050236 0.0234785 0.1016945 0.1028290 0.1084725 0.1058511 0.0927545 0.0877583 0.1319031 0.1817223 0.1095601 0.1455948 0.1078611 0.1117211 0.0000000 0.1402048 0.1327581 0.1817223 0.1568922 0.1645636 0.1394375 0.1407616 0.1330413 0.1036515 0.1526634 0.1327486 0.0822551 0.1049207 0.1984362 0.2967102 
BF                             0.1382013 0.1204940 0.1389887 0.1260966 0.1588827 0.1672117 0.1249955 0.1163360 0.1166724 0.0262890 0.0551715 0.1405416 0.1005404 0.1100062 0.0798946 0.1175512 0.1681660 0.1357504 0.0861908 0.0668031 0.1371482 0.1402048 0.0000000 0.1458172 0.1681660 0.1374359 0.1681125 0.1313618 0.1674188 0.0040555 0.1366370 0.1525544 0.1364164 0.1067198 0.1246695 0.1946135 0.2413773 
BG                             0.1470399 0.0970568 0.1139170 0.1357664 0.1161754 0.1369336 0.1166427 0.1148765 0.1283641 0.1067404 0.0982981 0.0511929 0.1178160 0.1081303 0.1117787 0.1236856 0.1398610 0.0378132 0.1146582 0.1044161 0.1148936 0.1327581 0.1458172 0.0000000 0.1398610 0.1474371 0.1310819 0.1038539 0.1331894 0.1406288 0.0530003 0.1393999 0.1041984 0.1132082 0.1110039 0.1599090 0.2900086 
01B                            0.1899446 0.0382645 0.0547377 0.1231945 0.0667499 0.0845485 0.1654655 0.1440248 0.1557199 0.1345501 0.1285782 0.1292234 0.1319256 0.1169804 0.1317466 0.1221280 0.0000010 0.1016983 0.1585386 0.1567289 0.1354976 0.1817223 0.1681660 0.1398610 0.0000000 0.1493174 0.0680279 0.1222308 0.0744464 0.1682850 0.1208309 0.0904154 0.1191305 0.1252667 0.1764294 0.0305079 0.3085716 
A2D                            0.1636981 0.0934709 0.1167802 0.0309249 0.1280989 0.1376649 0.1464729 0.1254086 0.1337774 0.1301492 0.1252704 0.1371113 0.1056223 0.1190081 0.1007912 0.1230514 0.1493174 0.1302222 0.1344847 0.1375779 0.1341385 0.1568922 0.1374359 0.1474371 0.1493174 0.0000000 0.1253446 0.1068182 0.1395446 0.1303434 0.1364072 0.1434560 0.1385361 0.1045166 0.1708021 0.1503703 0.2291299 
01A1                           0.2000062 0.0563304 0.0521048 0.1217833 0.0711248 0.1051199 0.1718299 0.1188410 0.1593852 0.1333739 0.1139001 0.1160905 0.1100822 0.0998052 0.1104054 0.1073146 0.0680279 0.1006139 0.1602530 0.1488176 0.1113647 0.1645636 0.1681125 0.1310819 0.0680279 0.1253446 0.0000000 0.1133516 0.0965610 0.1682357 0.1199822 0.0874603 0.1274486 0.1080695 0.1812771 0.0857180 0.3057042 
A5U                            0.1580261 0.0816932 0.0900591 0.0910025 0.1017383 0.1254246 0.1339572 0.0895711 0.1232393 0.1075742 0.0947751 0.0907584 0.1077462 0.1105949 0.0959745 0.1132243 0.1222308 0.0839830 0.1131839 0.1133325 0.1026375 0.1394375 0.1313618 0.1038539 0.1222308 0.1068182 0.1133516 0.0000000 0.1051757 0.1244302 0.0823028 0.1156350 0.0864053 0.1073298 0.1098041 0.1305957 0.2276202 
AD                             0.1763488 0.0474144 0.0463258 0.1283687 0.0808600 0.0821178 0.1503047 0.1287456 0.1083244 0.1327554 0.1179107 0.1234546 0.1338145 0.1382130 0.1322160 0.1242993 0.0744464 0.1033837 0.1462905 0.1297741 0.1284073 0.1407616 0.1674188 0.1331894 0.0744464 0.1395446 0.0965610 0.1051757 0.0000000 0.1597540 0.1223297 0.1006844 0.1203985 0.1248105 0.1697860 0.0982137 0.3115230 
BF1                            0.1330188 0.1205782 0.1390892 0.1261861 0.1589992 0.1673325 0.1181068 0.1095156 0.1099760 0.0263041 0.0552059 0.1353357 0.1006099 0.1100845 0.0739703 0.1176336 0.1682850 0.1307974 0.0803078 0.0668460 0.1301885 0.1330413 0.0040555 0.1406288 0.1682850 0.1303434 0.1682357 0.1244302 0.1597540 0.0000000 0.1316319 0.1526645 0.1315669 0.1002191 0.1199210 0.1947522 0.2322556 
02G                            0.1299764 0.0870559 0.0898056 0.1111046 0.1011797 0.1411897 0.1083312 0.1088545 0.0998444 0.1054814 0.0971744 0.0381975 0.0897172 0.0747639 0.1039250 0.1021116 0.1208309 0.0192025 0.1348450 0.1036753 0.0941670 0.1036515 0.1366370 0.0530003 0.1208309 0.1364072 0.1199822 0.0823028 0.1223297 0.1316319 0.0000000 0.1150578 0.0790344 0.0919068 0.0756568 0.1397214 0.2657355 
A1D                            0.1777590 0.0552865 0.0409716 0.1319971 0.0862835 0.1129112 0.1448076 0.1247189 0.1499049 0.1197430 0.1080056 0.1160690 0.1106807 0.0967788 0.1180174 0.1267408 0.0904154 0.1030827 0.1441817 0.1414977 0.1313704 0.1526634 0.1525544 0.1393999 0.0904154 0.1434560 0.0874603 0.1156350 0.1006844 0.1526645 0.1150578 0.0000000 0.1284296 0.1112506 0.1554328 0.1168161 0.3102630 
02A                            0.1647568 0.0918089 0.0943283 0.1203557 0.1274319 0.0743874 0.1255770 0.1252553 0.1234320 0.1243658 0.1211692 0.0774053 0.1283109 0.1319546 0.1302588 0.1504976 0.1191305 0.0687703 0.1326404 0.1120204 0.1111873 0.1327486 0.1364164 0.1041984 0.1191305 0.1385361 0.1274486 0.0864053 0.1203985 0.1315669 0.0790344 0.1284296 0.0000000 0.1378155 0.1074919 0.1449286 0.2449791 
C2U                            0.1235977 0.0791966 0.0875678 0.1099891 0.1079788 0.1541256 0.1024326 0.0733729 0.0881036 0.0790733 0.0764488 0.0900137 0.0705645 0.0654700 0.0620343 0.0921096 0.1252667 0.0977221 0.1204707 0.1111240 0.0686127 0.0822551 0.1067198 0.1132082 0.1252667 0.1045166 0.1080695 0.1073298 0.1248105 0.1002191 0.0919068 0.1112506 0.1378155 0.0000000 0.1282509 0.1308650 0.2412989 
02B                            0.0944014 0.1293679 0.1432882 0.1407007 0.1516510 0.1763053 0.0654572 0.1402210 0.1011909 0.1083110 0.1057483 0.0924384 0.1099271 0.1092148 0.1196437 0.1220293 0.1764294 0.0872391 0.1429546 0.1074533 0.1395681 0.1049207 0.1246695 0.1110039 0.1764294 0.1708021 0.1812771 0.1098041 0.1697860 0.1199210 0.0756568 0.1554328 0.1074919 0.1282509 0.0000000 0.2056138 0.2821977 
01C                            0.1988905 0.0649085 0.0839928 0.1549858 0.0851637 0.1194288 0.1841964 0.1659360 0.1736987 0.1657296 0.1509364 0.1566138 0.1544596 0.1540831 0.1550388 0.1452534 0.0305079 0.1263680 0.1748750 0.1818642 0.1562357 0.1984362 0.1946135 0.1599090 0.0305079 0.1503703 0.0857180 0.1305957 0.0982137 0.1947522 0.1397214 0.1168161 0.1449286 0.1308650 0.2056138 0.0000000 0.3333584 
CPZ                            0.2716869 0.2687684 0.3047121 0.2307070 0.2908759 0.2899272 0.2422312 0.2432018 0.2807531 0.2430675 0.2530203 0.2653071 0.2545609 0.2802574 0.2557720 0.2653503 0.3085716 0.2733903 0.2435015 0.2586060 0.2558920 0.2967102 0.2413773 0.2900086 0.3085716 0.2291299 0.3057042 0.2276202 0.3115230 0.2322556 0.2657355 0.3102630 0.2449791 0.2412989 0.2821977 0.3333584 0.0000000 
