37
B.FR.83.HXBLAI_IIIB_BRU.K03455 0.0000000 0.1049157 0.1393194 0.1620191 0.1523374 0.1221945 0.0146536 0.1040024 0.0939405 0.1098164 0.1321206 0.1206864 0.0995051 0.1542695 0.1376541 0.1284632 0.1307813 0.1346934 0.1569047 0.1104254 0.0701838 0.0974554 0.0423445 0.1361329 0.1342985 0.1048231 0.1587371 0.1757941 0.0973196 0.0305948 0.1478145 0.1646590 0.1422646 0.1447256 0.1532248 0.1233289 0.4233274 
A                              0.1049157 0.0000000 0.0286569 0.0728861 0.0336878 0.0368151 0.1093446 0.0872194 0.1097641 0.1142832 0.1128501 0.0958511 0.0815921 0.1254402 0.1285698 0.0917734 0.0413539 0.0897786 0.1513776 0.1110148 0.1051448 0.0987805 0.1381182 0.1238750 0.0438564 0.0742830 0.0366481 0.0784576 0.0943121 0.1282160 0.1071257 0.0703510 0.0980339 0.1146038 0.1267467 0.0871117 0.4964911 
A1                             0.1393194 0.0286569 0.0000000 0.0779808 0.0416795 0.0524626 0.1269959 0.1244614 0.1385860 0.1421925 0.1403437 0.1063673 0.1089389 0.1519419 0.1398467 0.1142785 0.0434999 0.1065021 0.1554814 0.1491189 0.1555314 0.1462886 0.1684061 0.1279040 0.0459989 0.0928723 0.0495346 0.1003931 0.0939115 0.1578980 0.1109551 0.0390242 0.1174836 0.1256815 0.1522133 0.0892505 0.4811996 
A2                             0.1620191 0.0728861 0.0779808 0.0000000 0.0891937 0.1009154 0.1415246 0.1302455 0.1531240 0.1496870 0.1549657 0.1280120 0.1097100 0.1664360 0.1704054 0.1265677 0.1013827 0.1123070 0.1794440 0.1779005 0.1390126 0.1343074 0.1843783 0.1702443 0.1044192 0.0632576 0.0926130 0.1151188 0.1458962 0.1737415 0.1409633 0.0899450 0.1421934 0.1529349 0.1428671 0.1416238 0.4798864 
A3                             0.1523374 0.0336878 0.0416795 0.0891937 0.0000000 0.0690333 0.1394372 0.1229234 0.1590692 0.1321679 0.1418783 0.1162949 0.1096480 0.1359667 0.1430217 0.1360282 0.0464972 0.1075971 0.1713107 0.1322087 0.1526426 0.1442813 0.1825265 0.1572451 0.0490510 0.0906856 0.0506438 0.0950512 0.1210630 0.1718000 0.1284358 0.0877363 0.1300331 0.1473865 0.1496009 0.0904590 0.5229370 
A6                             0.1221945 0.0368151 0.0524626 0.1009154 0.0690333 0.0000000 0.1271457 0.1141214 0.1520653 0.1402520 0.1384112 0.1095034 0.1028288 0.1564423 0.1324054 0.1031713 0.0560684 0.1230146 0.1836194 0.1438896 0.1494266 0.1478763 0.1738892 0.1318955 0.0587920 0.1088338 0.0679431 0.1256593 0.1251942 0.1475949 0.1218420 0.0924013 0.1122715 0.1372153 0.1540505 0.1129005 0.5652416 
B                              0.0146536 0.1093446 0.1269959 0.1415246 0.1394372 0.1271457 0.0000000 0.1152320 0.0916697 0.1008881 0.1227939 0.1184337 0.0971924 0.1521728 0.1205781 0.1335358 0.1188769 0.1156694 0.1426494 0.1014502 0.0678682 0.1019071 0.0354645 0.1338922 0.1222723 0.0882198 0.1453824 0.1544151 0.0950505 0.0238928 0.1457029 0.1587386 0.1400815 0.1354450 0.1516912 0.1322104 0.4252623 
C                              0.1040024 0.0872194 0.1244614 0.1302455 0.1229234 0.1141214 0.1152320 0.0000000 0.1266720 0.1236318 0.1155719 0.0959966 0.0819227 0.1501013 0.1158094 0.1086603 0.1332566 0.1165026 0.1293000 0.1348901 0.0770901 0.0767294 0.1426242 0.1282835 0.1366595 0.1036264 0.1310503 0.1370920 0.1415538 0.1193925 0.1233218 0.1718852 0.1227016 0.0711723 0.1296838 0.0762450 0.5065944 
D                              0.0939405 0.1097641 0.1385860 0.1531240 0.1590692 0.1520653 0.0916697 0.1266720 0.0000000 0.1320728 0.1454820 0.1308972 0.1153548 0.1572722 0.1336990 0.1541344 0.1487542 0.1514554 0.1695261 0.1196014 0.1034959 0.0556077 0.1244216 0.1501784 0.1448618 0.0948516 0.1554184 0.1551066 0.0610791 0.1086273 0.1511110 0.1774877 0.1593748 0.1474116 0.1718877 0.1406204 0.4021950 
F1                             0.1098164 0.1142832 0.1421925 0.1496870 0.1321679 0.1402520 0.1008881 0.1236318 0.1320728 0.0000000 0.0408993 0.0931649 0.1083523 0.1537049 0.0783185 0.1267647 0.1372688 0.1136465 0.0792149 0.0264310 0.1467247 0.1265913 0.1023563 0.1435419 0.1408080 0.1122193 0.1473935 0.1412708 0.1604127 0.0953373 0.1381886 0.1858398 0.1241748 0.1455922 0.1247503 0.1528532 0.4592308 
F2                             0.1321206 0.1128501 0.1403437 0.1549657 0.1418783 0.1384112 0.1227939 0.1155719 0.1454820 0.0408993 0.0000000 0.0985188 0.1069883 0.1559802 0.0915830 0.1320629 0.1468229 0.1294124 0.0927616 0.0574933 0.1552124 0.1318725 0.1314110 0.1417612 0.1503940 0.1136789 0.1383123 0.1424255 0.1748618 0.1170473 0.1292313 0.1967220 0.1257718 0.1410604 0.1408905 0.1438048 0.5188146 
G                              0.1206864 0.0958511 0.1063673 0.1280120 0.1162949 0.1095034 0.1184337 0.0959966 0.1308972 0.0931649 0.0985188 0.0000000 0.1005686 0.1073358 0.1161291 0.0946099 0.1103371 0.0572056 0.1348244 0.1047030 0.1363384 0.1280432 0.1623470 0.0358497 0.1136193 0.0998068 0.1199045 0.1191211 0.1503730 0.1303551 0.0284307 0.1378170 0.0862049 0.1023796 0.0865791 0.1121264 0.4326092 
H                              0.0995051 0.0815921 0.1089389 0.1097100 0.1096480 0.1028288 0.0971924 0.0819227 0.1153548 0.1083523 0.1069883 0.1005686 0.0000000 0.1359766 0.1085962 0.0924098 0.1084511 0.1163252 0.1338751 0.1106970 0.1020904 0.1122279 0.1308639 0.1279623 0.1116563 0.0939809 0.1219551 0.1230504 0.1235880 0.1107227 0.1332821 0.1462389 0.1266342 0.1128877 0.1504781 0.1272758 0.4419076 
J                              0.1542695 0.1254402 0.1519419 0.1664360 0.1359667 0.1564423 0.1521728 0.1501013 0.1572722 0.1537049 0.1559802 0.1073358 0.1359766 0.0000000 0.1485395 0.1351052 0.1482112 0.1511058 0.1737986 0.1606712 0.1426856 0.1460709 0.1827470 0.1492101 0.1517272 0.1607552 0.1391798 0.1617069 0.1507132 0.1643438 0.1256930 0.1711186 0.1746260 0.1687680 0.1734009 0.1420153 0.4657173 
K                              0.1376541 0.1285698 0.1398467 0.1704054 0.1430217 0.1324054 0.1205781 0.1158094 0.1336990 0.0783185 0.0915830 0.1161291 0.1085962 0.1485395 0.0000000 0.1187286 0.1295709 0.1385674 0.0661922 0.0999414 0.1377243 0.1229595 0.1353098 0.1361627 0.1259321 0.1301933 0.1638015 0.1780571 0.1801976 0.1205365 0.1424884 0.1945575 0.1347167 0.1429918 0.1423506 0.1434417 0.4747053 
L                              0.1284632 0.0917734 0.1142785 0.1265677 0.1360282 0.1031713 0.1335358 0.1086603 0.1541344 0.1267647 0.1320629 0.0946099 0.0924098 0.1351052 0.1187286 0.0000000 0.1265704 0.1145270 0.1595151 0.1449825 0.1255737 0.1275403 0.1634489 0.1167622 0.1299445 0.1274239 0.1220422 0.1204257 0.1516928 0.1485711 0.1122726 0.1567730 0.1178928 0.1318641 0.1486114 0.1437531 0.5224281 
AE                             0.1307813 0.0413539 0.0434999 0.1013827 0.0464972 0.0560684 0.1188769 0.1332566 0.1487542 0.1372688 0.1468229 0.1103371 0.1084511 0.1482112 0.1295709 0.1265704 0.0000000 0.1155781 0.1784080 0.1407347 0.1572958 0.1486556 0.1667615 0.1322886 0.0060965 0.1056514 0.0546225 0.1076887 0.1270666 0.1487046 0.1300045 0.0825425 0.1316785 0.1481214 0.1574461 0.0950810 0.4750955 
AG                             0.1346934 0.0897786 0.1065021 0.1123070 0.1075971 0.1230146 0.1156694 0.1165026 0.1514554 0.1136465 0.1294124 0.0572056 0.1163252 0.1511058 0.1385674 0.1145270 0.1155781 0.0000000 0.1527978 0.1343785 0.1354946 0.1480786 0.1581169 0.0940300 0.1188485 0.0986020 0.1132954 0.1063031 0.1573976 0.1478685 0.0721481 0.1215397 0.0459305 0.1274463 0.0461135 0.1348665 0.4559872 
cpx                            0.1569047 0.1513776 0.1554814 0.1794440 0.1713107 0.1836194 0.1426494 0.1293000 0.1695261 0.0792149 0.0927616 0.1348244 0.1338751 0.1737986 0.0661922 0.1595151 0.1784080 0.1527978 0.0000000 0.1077011 0.1657152 0.1481286 0.1597603 0.1703078 0.1741349 0.1405070 0.1932961 0.1948484 0.2065208 0.1443614 0.1554851 0.2087044 0.1728590 0.1690974 0.1776813 0.1685100 0.5531044 
DF                             0.1104254 0.1110148 0.1491189 0.1779005 0.1322087 0.1438896 0.1014502 0.1348901 0.1196014 0.0264310 0.0574933 0.1047030 0.1106970 0.1606712 0.0999414 0.1449825 0.1407347 0.1343785 0.1077011 0.0000000 0.1402749 0.1215010 0.1029165 0.1514300 0.1443898 0.1036155 0.1543754 0.1456705 0.1462232 0.0958711 0.1416336 0.2049072 0.1463601 0.1676465 0.1502708 0.1492729 0.4635266 
BC                             0.0701838 0.1051448 0.1555314 0.1390126 0.1526426 0.1494266 0.0678682 0.0770901 0.1034959 0.1467247 0.1552124 0.1363384 0.1020904 0.1426856 0.1377243 0.1255737 0.1572958 0.1354946 0.1657152 0.1402749 0.0000000 0.0800500 0.0984863 0.1530328 0.1610775 0.0922579 0.1461448 0.1815829 0.1244329 0.0896751 0.1535679 0.2073524 0.1588102 0.1168823 0.1751386 0.1092679 0.4761959 
CD                             0.0974554 0.0987805 0.1462886 0.1343074 0.1442813 0.1478763 0.1019071 0.0767294 0.0556077 0.1265913 0.1318725 0.1280432 0.1122279 0.1460709 0.1229595 0.1275403 0.1486556 0.1480786 0.1481286 0.1215010 0.0800500 0.0000000 0.1216746 0.1620751 0.1448514 0.0833446 0.1365683 0.1479058 0.0964975 0.1058489 0.1477044 0.1863894 0.1371026 0.1406014 0.1673546 0.1120493 0.4595331 
BF                             0.0423445 0.1381182 0.1684061 0.1843783 0.1825265 0.1738892 0.0354645 0.1426242 0.1244216 0.1023563 0.1314110 0.1623470 0.1308639 0.1827470 0.1353098 0.1634489 0.1667615 0.1581169 0.1597603 0.1029165 0.0984863 0.1216746 0.0000000 0.1676063 0.1705403 0.1229457 0.1899148 0.1957524 0.1214761 0.0258369 0.1933056 0.2140745 0.1609943 0.1805639 0.1694840 0.1544482 0.4612089 
BG                             0.1361329 0.1238750 0.1279040 0.1702443 0.1572451 0.1318955 0.1338922 0.1282835 0.1501784 0.1435419 0.1417612 0.0358497 0.1279623 0.1492101 0.1361627 0.1167622 0.1322886 0.0940300 0.1703078 0.1514300 0.1530328 0.1620751 0.1676063 0.0000000 0.1357495 0.1344964 0.1350962 0.1597001 0.1665054 0.1457623 0.0540683 0.1619505 0.1017021 0.1210957 0.1282917 0.1183805 0.4614776 
01B                            0.1342985 0.0438564 0.0459989 0.1044192 0.0490510 0.0587920 0.1222723 0.1366595 0.1448618 0.1408080 0.1503940 0.1136193 0.1116563 0.1517272 0.1259321 0.1299445 0.0060965 0.1188485 0.1741349 0.1443898 0.1610775 0.1448514 0.1705403 0.1357495 0.0000000 0.1088485 0.0572629 0.1108707 0.1234248 0.1524096 0.1334888 0.0794643 0.1352239 0.1516325 0.1610407 0.0981716 0.4809783 
A2D                            0.1048231 0.0742830 0.0928723 0.0632576 0.0906856 0.1088338 0.0882198 0.1036264 0.0948516 0.1122193 0.1136789 0.0998068 0.0939809 0.1607552 0.1301933 0.1274239 0.1056514 0.0986020 0.1405070 0.1036155 0.0922579 0.0833446 0.1229457 0.1344964 0.1088485 0.0000000 0.0989582 0.1097067 0.1169008 0.1069253 0.1109421 0.1326178 0.1281449 0.1334081 0.1237821 0.1223597 0.4480608 
01A1                           0.1587371 0.0366481 0.0495346 0.0926130 0.0506438 0.0679431 0.1453824 0.1310503 0.1554184 0.1473935 0.1383123 0.1199045 0.1219551 0.1391798 0.1638015 0.1220422 0.0546225 0.1132954 0.1932961 0.1543754 0.1461448 0.1365683 0.1899148 0.1350962 0.0572629 0.0989582 0.0000000 0.0956712 0.1184295 0.1872515 0.1212557 0.0861034 0.1154541 0.1291802 0.1649950 0.1087977 0.5284676 
A5U                            0.1757941 0.0784576 0.1003931 0.1151188 0.0950512 0.1256593 0.1544151 0.1370920 0.1551066 0.1412708 0.1424255 0.1191211 0.1230504 0.1617069 0.1780571 0.1204257 0.1076887 0.1063031 0.1948484 0.1456705 0.1815829 0.1479058 0.1957524 0.1597001 0.1108707 0.1097067 0.0956712 0.0000000 0.1374032 0.1931403 0.1314950 0.1460374 0.1331046 0.1473930 0.1644885 0.1628658 0.4482659 
AD                             0.0973196 0.0943121 0.0939115 0.1458962 0.1210630 0.1251942 0.0950505 0.1415538 0.0610791 0.1604127 0.1748618 0.1503730 0.1235880 0.1507132 0.1801976 0.1516928 0.1270666 0.1573976 0.2065208 0.1462232 0.1244329 0.0964975 0.1214761 0.1665054 0.1234248 0.1169008 0.1184295 0.1374032 0.0000000 0.1189516 0.1518111 0.1152725 0.1657441 0.1522405 0.1962880 0.1212960 0.4602775 
BF1                            0.0305948 0.1282160 0.1578980 0.1737415 0.1718000 0.1475949 0.0238928 0.1193925 0.1086273 0.0953373 0.1170473 0.1303551 0.1107227 0.1643438 0.1205365 0.1485711 0.1487046 0.1478685 0.1443614 0.0958711 0.0896751 0.1058489 0.0258369 0.1457623 0.1524096 0.1069253 0.1872515 0.1931403 0.1189516 0.0000000 0.1671063 0.2027286 0.1508294 0.1553135 0.1510302 0.1442941 0.4463710 
02G                            0.1478145 0.1071257 0.1109551 0.1409633 0.1284358 0.1218420 0.1457029 0.1233218 0.1511110 0.1381886 0.1292313 0.0284307 0.1332821 0.1256930 0.1424884 0.1122726 0.1300045 0.0721481 0.1554851 0.1416336 0.1535679 0.1477044 0.1933056 0.0540683 0.1334888 0.1109421 0.1212557 0.1314950 0.1518111 0.1671063 0.0000000 0.1515045 0.1028947 0.1259906 0.1101544 0.1271113 0.4050129 
A1D                            0.1646590 0.0703510 0.0390242 0.0899450 0.0877363 0.0924013 0.1587386 0.1718852 0.1774877 0.1858398 0.1967220 0.1378170 0.1462389 0.1711186 0.1945575 0.1567730 0.0825425 0.1215397 0.2087044 0.2049072 0.2073524 0.1863894 0.2140745 0.1619505 0.0794643 0.1326178 0.0861034 0.1460374 0.1152725 0.2027286 0.1515045 0.0000000 0.1301821 0.1817586 0.1521089 0.1480681 0.5168225 
02A                            0.1422646 0.0980339 0.1174836 0.1421934 0.1300331 0.1122715 0.1400815 0.1227016 0.1593748 0.1241748 0.1257718 0.0862049 0.1266342 0.1746260 0.1347167 0.1178928 0.1316785 0.0459305 0.1728590 0.1463601 0.1588102 0.1371026 0.1609943 0.1017021 0.1352239 0.1281449 0.1154541 0.1331046 0.1657441 0.1508294 0.1028947 0.1301821 0.0000000 0.1316309 0.0676836 0.1537273 0.4443825 
C2U                            0.1447256 0.1146038 0.1256815 0.1529349 0.1473865 0.1372153 0.1354450 0.0711723 0.1474116 0.1455922 0.1410604 0.1023796 0.1128877 0.1687680 0.1429918 0.1318641 0.1481214 0.1274463 0.1690974 0.1676465 0.1168823 0.1406014 0.1805639 0.1210957 0.1516325 0.1334081 0.1291802 0.1473930 0.1522405 0.1553135 0.1259906 0.1817586 0.1316309 0.0000000 0.1434499 0.1072131 0.4598294 
02B                            0.1532248 0.1267467 0.1522133 0.1428671 0.1496009 0.1540505 0.1516912 0.1296838 0.1718877 0.1247503 0.1408905 0.0865791 0.1504781 0.1734009 0.1423506 0.1486114 0.1574461 0.0461135 0.1776813 0.1502708 0.1751386 0.1673546 0.1694840 0.1282917 0.1610407 0.1237821 0.1649950 0.1644885 0.1962880 0.1510302 0.1101544 0.1521089 0.0676836 0.1434499 0.0000000 0.1554283 0.4378059 
01C                            0.1233289 0.0871117 0.0892505 0.1416238 0.0904590 0.1129005 0.1322104 0.0762450 0.1406204 0.1528532 0.1438048 0.1121264 0.1272758 0.1420153 0.1434417 0.1437531 0.0950810 0.1348665 0.1685100 0.1492729 0.1092679 0.1120493 0.1544482 0.1183805 0.0981716 0.1223597 0.1087977 0.1628658 0.1212960 0.1442941 0.1271113 0.1480681 0.1537273 0.1072131 0.1554283 0.0000000 0.4514074 
CPZ                            0.4233274 0.4964911 0.4811996 0.4798864 0.5229370 0.5652416 0.4252623 0.5065944 0.4021950 0.4592308 0.5188146 0.4326092 0.4419076 0.4657173 0.4747053 0.5224281 0.4750955 0.4559872 0.5531044 0.4635266 0.4761959 0.4595331 0.4612089 0.4614776 0.4809783 0.4480608 0.5284676 0.4482659 0.4602775 0.4463710 0.4050129 0.5168225 0.4443825 0.4598294 0.4378059 0.4514074 0.0000000 
