37
B.FR.83.HXBLAI_IIIB_BRU.K03455 0.0000000 0.2041427 0.2046686 0.2348577 0.2337098 0.2455264 0.0493112 0.2014820 0.1003804 0.1821725 0.2111433 0.1804280 0.1403063 0.2093536 0.1970916 0.2059323 0.2212700 0.2052695 0.1829166 0.1215327 0.2354017 0.1269613 0.0994924 0.2735751 0.2145507 0.2262028 0.2178838 0.1890253 0.2443721 0.2256903 0.2291913 0.1739402 0.2356883 0.2293046 0.3098224 0.2374257 0.5435215 
A                              0.2041427 0.0000000 0.0273443 0.0699952 0.0855981 0.0894412 0.1747475 0.1661480 0.1659116 0.2281022 0.2124923 0.1049219 0.1882416 0.1530655 0.2573822 0.2298266 0.0880855 0.1056606 0.2736897 0.2138804 0.2158831 0.1778187 0.1684398 0.1489745 0.0975146 0.0922624 0.0612476 0.0983737 0.0656915 0.2279236 0.1590933 0.1666383 0.1530884 0.2409344 0.1825628 0.1343136 0.5190467 
A1                             0.2046686 0.0273443 0.0000000 0.0747159 0.1008640 0.0975935 0.1751599 0.1554238 0.1654692 0.2201474 0.2153965 0.0924745 0.1887192 0.1598751 0.2529416 0.2332201 0.1080795 0.0986362 0.2491282 0.2064488 0.2105341 0.1773262 0.1616958 0.1405783 0.1182665 0.1023848 0.0793783 0.1148180 0.0391646 0.2200601 0.1441141 0.1516281 0.1549799 0.2440890 0.1747551 0.1603146 0.5250295 
A2                             0.2348577 0.0699952 0.0747159 0.0000000 0.1579921 0.1171924 0.2193956 0.1696782 0.1933894 0.2539688 0.2398041 0.1314663 0.2193160 0.1801076 0.2603044 0.2375494 0.1418641 0.1266178 0.2797633 0.2467525 0.2006089 0.2205218 0.2040599 0.1726944 0.1594657 0.0518845 0.1207821 0.1192894 0.1092997 0.2534954 0.1796774 0.2048343 0.1858983 0.2449519 0.2293796 0.2003901 0.5616277 
A3                             0.2337098 0.0855981 0.1008640 0.1579921 0.0000000 0.1709438 0.2120668 0.2231392 0.2206548 0.2484621 0.2568886 0.1609429 0.2187516 0.2152379 0.2936108 0.2781487 0.1461635 0.1747228 0.3057567 0.2449947 0.2644742 0.2376518 0.2088609 0.2283755 0.1612600 0.1742186 0.1214431 0.1644320 0.1483926 0.2830708 0.2242724 0.2325951 0.1994017 0.2816633 0.2762190 0.1829536 0.5931940 
A6                             0.2455264 0.0894412 0.0975935 0.1171924 0.1709438 0.0000000 0.2372904 0.1865940 0.2047163 0.2932947 0.2864173 0.1335426 0.2324346 0.1812339 0.3102898 0.3017242 0.1397386 0.1254110 0.3071017 0.2681112 0.2071428 0.2258682 0.2315240 0.1792170 0.1450541 0.1587313 0.1304969 0.1587917 0.1303403 0.3168452 0.1583496 0.2062254 0.1589940 0.2750798 0.2389156 0.1741969 0.5888259 
B                              0.0493112 0.1747475 0.1751599 0.2193956 0.2120668 0.2372904 0.0000000 0.1736072 0.0880611 0.1539136 0.1817853 0.1566112 0.1208613 0.1801285 0.1815077 0.1649727 0.1988735 0.2017488 0.1847964 0.1085803 0.2104957 0.1139113 0.0812441 0.2455838 0.1923641 0.1894817 0.2062070 0.1755670 0.2123440 0.1815531 0.1949724 0.1594957 0.2210218 0.1993818 0.2907199 0.2136639 0.5207197 
C                              0.2014820 0.1661480 0.1554238 0.1696782 0.2231392 0.1865940 0.1736072 0.0000000 0.1795180 0.2105500 0.1834077 0.1436686 0.1724641 0.1711752 0.2142328 0.1950386 0.1990951 0.1720893 0.2335989 0.2145333 0.0646784 0.2062640 0.1874051 0.2120121 0.2127949 0.1660890 0.2089071 0.2081627 0.1944493 0.2586944 0.1823636 0.2529547 0.2449906 0.1343916 0.2485449 0.2481127 0.5927151 
D                              0.1003804 0.1659116 0.1654692 0.1933894 0.2206548 0.2047163 0.0880611 0.1795180 0.0000000 0.1299057 0.1767969 0.1520334 0.1196939 0.1666672 0.1634722 0.1943424 0.2034454 0.1860477 0.1649084 0.0724008 0.2030068 0.0286503 0.0939481 0.2234448 0.1969279 0.2047019 0.2087420 0.1607994 0.2061181 0.1760679 0.1974702 0.1135692 0.2000157 0.1808603 0.2760112 0.2273235 0.5134683 
F1                             0.1821725 0.2281022 0.2201474 0.2539688 0.2484621 0.2932947 0.1539136 0.2105500 0.1299057 0.0000000 0.0747680 0.1862598 0.1658843 0.2093936 0.1181568 0.2099081 0.2347832 0.2128798 0.2225614 0.1207248 0.2266882 0.1535630 0.0851862 0.2640736 0.2510205 0.2469582 0.2828278 0.2006591 0.2551495 0.0676824 0.2339745 0.2245940 0.2490503 0.2188643 0.2938781 0.2531546 0.5684654 
F2                             0.2111433 0.2124923 0.2153965 0.2398041 0.2568886 0.2864173 0.1817853 0.1834077 0.1767969 0.0747680 0.0000000 0.2024140 0.1734287 0.1930350 0.1118584 0.1817350 0.2386287 0.2178219 0.2520765 0.1709461 0.2193451 0.2149095 0.1390727 0.2510254 0.2471542 0.2307916 0.2527823 0.2169935 0.2403527 0.1025053 0.2511885 0.2499322 0.2526632 0.2479048 0.2503391 0.2801847 0.6102664 
G                              0.1804280 0.1049219 0.0924745 0.1314663 0.1609429 0.1335426 0.1566112 0.1436686 0.1520334 0.1862598 0.2024140 0.0000000 0.1596397 0.1481496 0.2157419 0.2363352 0.0878007 0.0761518 0.1958047 0.1907426 0.1980840 0.1698355 0.1446751 0.0825996 0.1026164 0.1393630 0.1330141 0.1423766 0.1200984 0.2227356 0.0434849 0.1936667 0.1196209 0.2281158 0.1405771 0.1244460 0.5367346 
H                              0.1403063 0.1882416 0.1887192 0.2193160 0.2187516 0.2324346 0.1208613 0.1724641 0.1196939 0.1658843 0.1734287 0.1596397 0.0000000 0.1750974 0.1711728 0.1907615 0.1777927 0.1918607 0.0929512 0.1488678 0.1977005 0.1549175 0.1451229 0.2293105 0.1760180 0.2023457 0.2014163 0.2015271 0.2195743 0.2231063 0.2002136 0.2230360 0.2056627 0.2127328 0.2530163 0.1865380 0.5548965 
J                              0.2093536 0.1530655 0.1598751 0.1801076 0.2152379 0.1812339 0.1801285 0.1711752 0.1666672 0.2093936 0.1930350 0.1481496 0.1750974 0.0000000 0.1866354 0.2112743 0.1829037 0.1864390 0.2371358 0.2063336 0.2012750 0.1982284 0.1638566 0.2272916 0.1921633 0.1748803 0.1746153 0.1687584 0.1767634 0.2129727 0.1964974 0.2334485 0.2252043 0.1888362 0.2819946 0.2423327 0.4741819 
K                              0.1970916 0.2573822 0.2529416 0.2603044 0.2936108 0.3102898 0.1815077 0.2142328 0.1634722 0.1181568 0.1118584 0.2157419 0.1711728 0.1866354 0.0000000 0.1664765 0.2621324 0.2359099 0.2416454 0.1931316 0.2403733 0.1920837 0.1682271 0.2830903 0.2695038 0.2272244 0.2814672 0.2515819 0.2726688 0.1585019 0.2693769 0.2726490 0.2856517 0.2236199 0.2913366 0.2765189 0.5386305 
L                              0.2059323 0.2298266 0.2332201 0.2375494 0.2781487 0.3017242 0.1649727 0.1950386 0.1943424 0.2099081 0.1817350 0.2363352 0.1907615 0.2112743 0.1664765 0.0000000 0.2711498 0.2632259 0.2495054 0.2217861 0.2237789 0.2286722 0.2099926 0.2635520 0.2550355 0.2147959 0.2770070 0.2589005 0.2746250 0.2271961 0.2707570 0.2598024 0.3079733 0.2648644 0.3150791 0.3085112 0.5451088 
AE                             0.2212700 0.0880855 0.1080795 0.1418641 0.1461635 0.1397386 0.1988735 0.1990951 0.2034454 0.2347832 0.2386287 0.0878007 0.1777927 0.1829037 0.2621324 0.2711498 0.0000000 0.0886539 0.2570051 0.2486195 0.2547129 0.2290157 0.1911291 0.1556953 0.0210861 0.1519917 0.0950854 0.1640964 0.1527630 0.2610227 0.1291779 0.2275608 0.1320094 0.2791062 0.1857771 0.0427482 0.5623095 
AG                             0.2052695 0.1056606 0.0986362 0.1266178 0.1747228 0.1254110 0.2017488 0.1720893 0.1860477 0.2128798 0.2178219 0.0761518 0.1918607 0.1864390 0.2359099 0.2632259 0.0886539 0.0000000 0.2564032 0.2237984 0.2281743 0.2059320 0.1665359 0.1255355 0.1013800 0.1566579 0.1437077 0.1774563 0.1358359 0.2398448 0.1174475 0.2058856 0.0712949 0.2550364 0.0805129 0.1210957 0.5637377 
cpx                            0.1829166 0.2736897 0.2491282 0.2797633 0.3057567 0.3071017 0.1847964 0.2335989 0.1649084 0.2225614 0.2520765 0.1958047 0.0929512 0.2371358 0.2416454 0.2495054 0.2570051 0.2564032 0.0000000 0.1795892 0.2632608 0.1967639 0.2012576 0.2831946 0.2550642 0.2630657 0.2718443 0.2236422 0.2423227 0.2781583 0.2268125 0.2523873 0.2920075 0.2838711 0.3347150 0.2705586 0.5590850 
DF                             0.1215327 0.2138804 0.2064488 0.2467525 0.2449947 0.2681112 0.1085803 0.2145333 0.0724008 0.1207248 0.1709461 0.1907426 0.1488678 0.2063336 0.1931316 0.2217861 0.2486195 0.2237984 0.1795892 0.0000000 0.2354477 0.1002562 0.0805320 0.2722806 0.2414729 0.2291020 0.2722176 0.1923115 0.2435117 0.1555946 0.2462468 0.1486231 0.2531383 0.2070050 0.3033806 0.2687055 0.5231788 
BC                             0.2354017 0.2158831 0.2105341 0.2006089 0.2644742 0.2071428 0.2104957 0.0646784 0.2030068 0.2266882 0.2193451 0.1980840 0.1977005 0.2012750 0.2403733 0.2237789 0.2547129 0.2281743 0.2632608 0.2354477 0.0000000 0.2316332 0.2137599 0.2591798 0.2705456 0.1928877 0.2637705 0.2385756 0.2304553 0.2715491 0.2162477 0.2789321 0.2855303 0.1624508 0.2910096 0.3091861 0.6415224 
CD                             0.1269613 0.1778187 0.1773262 0.2205218 0.2376518 0.2258682 0.1139113 0.2062640 0.0286503 0.1535630 0.2149095 0.1698355 0.1549175 0.1982284 0.1920837 0.2286722 0.2290157 0.2059320 0.1967639 0.1002562 0.2316332 0.0000000 0.1180764 0.2313888 0.2220958 0.2259887 0.2251418 0.1827655 0.2268309 0.1905763 0.2107252 0.1268286 0.2163776 0.2152016 0.2949407 0.2501768 0.5205733 
BF                             0.0994924 0.1684398 0.1616958 0.2040599 0.2088609 0.2315240 0.0812441 0.1874051 0.0939481 0.0851862 0.1390727 0.1446751 0.1451229 0.1638566 0.1682271 0.2099926 0.1911291 0.1665359 0.2012576 0.0805320 0.2137599 0.1180764 0.0000000 0.2030130 0.1969999 0.1947125 0.2209755 0.1626436 0.1857969 0.0965405 0.1823653 0.1562429 0.1980184 0.2026810 0.2563493 0.2005386 0.4708250 
BG                             0.2735751 0.1489745 0.1405783 0.1726944 0.2283755 0.1792170 0.2455838 0.2120121 0.2234448 0.2640736 0.2510254 0.0825996 0.2293105 0.2272916 0.2830903 0.2635520 0.1556953 0.1255355 0.2831946 0.2722806 0.2591798 0.2313888 0.2030130 0.0000000 0.1613768 0.1919237 0.2014697 0.1976070 0.1745829 0.2618157 0.1248332 0.2496222 0.1739296 0.3167436 0.1859983 0.1791079 0.6108955 
01B                            0.2145507 0.0975146 0.1182665 0.1594657 0.1612600 0.1450541 0.1923641 0.2127949 0.1969279 0.2510205 0.2471542 0.1026164 0.1760180 0.1921633 0.2695038 0.2550355 0.0210861 0.1013800 0.2550642 0.2414729 0.2705456 0.2220958 0.1969999 0.1613768 0.0000000 0.1698702 0.1070598 0.1700821 0.1647137 0.2701876 0.1401809 0.2206435 0.1365672 0.3013777 0.1924860 0.0525377 0.5847522 
A2D                            0.2262028 0.0922624 0.1023848 0.0518845 0.1742186 0.1587313 0.1894817 0.1660890 0.2047019 0.2469582 0.2307916 0.1393630 0.2023457 0.1748803 0.2272244 0.2147959 0.1519917 0.1566579 0.2630657 0.2291020 0.1928877 0.2259887 0.1947125 0.1919237 0.1698702 0.0000000 0.1307574 0.1312100 0.1115566 0.2531152 0.1945676 0.2418445 0.2190792 0.2396215 0.2327428 0.1976631 0.4854630 
01A1                           0.2178838 0.0612476 0.0793783 0.1207821 0.1214431 0.1304969 0.2062070 0.2089071 0.2087420 0.2828278 0.2527823 0.1330141 0.2014163 0.1746153 0.2814672 0.2770070 0.0950854 0.1437077 0.2718443 0.2722176 0.2637705 0.2251418 0.2209755 0.2014697 0.1070598 0.1307574 0.0000000 0.1353432 0.0985461 0.2908498 0.1892932 0.2247994 0.1870649 0.3012405 0.2284305 0.1290763 0.5933319 
A5U                            0.1890253 0.0983737 0.1148180 0.1192894 0.1644320 0.1587917 0.1755670 0.2081627 0.1607994 0.2006591 0.2169935 0.1423766 0.2015271 0.1687584 0.2515819 0.2589005 0.1640964 0.1774563 0.2236422 0.1923115 0.2385756 0.1827655 0.1626436 0.1976070 0.1700821 0.1312100 0.1353432 0.0000000 0.1365423 0.2240366 0.1880948 0.2065062 0.1919580 0.2382745 0.2408381 0.1962585 0.5289402 
AD                             0.2443721 0.0656915 0.0391646 0.1092997 0.1483926 0.1303403 0.2123440 0.1944493 0.2061181 0.2551495 0.2403527 0.1200984 0.2195743 0.1767634 0.2726688 0.2746250 0.1527630 0.1358359 0.2423227 0.2435117 0.2304553 0.2268309 0.1857969 0.1745829 0.1647137 0.1115566 0.0985461 0.1365423 0.0000000 0.2532227 0.1591770 0.1882558 0.1975159 0.2910391 0.1966279 0.2063554 0.5669928 
BF1                            0.2256903 0.2279236 0.2200601 0.2534954 0.2830708 0.3168452 0.1815531 0.2586944 0.1760679 0.0676824 0.1025053 0.2227356 0.2231063 0.2129727 0.1585019 0.2271961 0.2610227 0.2398448 0.2781583 0.1555946 0.2715491 0.1905763 0.0965405 0.2618157 0.2701876 0.2531152 0.2908498 0.2240366 0.2532227 0.0000000 0.2768426 0.2219419 0.2711514 0.2754684 0.3111941 0.2989742 0.5499133 
02G                            0.2291913 0.1590933 0.1441141 0.1796774 0.2242724 0.1583496 0.1949724 0.1823636 0.1974702 0.2339745 0.2511885 0.0434849 0.2002136 0.1964974 0.2693769 0.2707570 0.1291779 0.1174475 0.2268125 0.2462468 0.2162477 0.2107252 0.1823653 0.1248332 0.1401809 0.1945676 0.1892932 0.1880948 0.1591770 0.2768426 0.0000000 0.2453118 0.1558829 0.2829693 0.1893968 0.1633805 0.5745517 
A1D                            0.1739402 0.1666383 0.1516281 0.2048343 0.2325951 0.2062254 0.1594957 0.2529547 0.1135692 0.2245940 0.2499322 0.1936667 0.2230360 0.2334485 0.2726490 0.2598024 0.2275608 0.2058856 0.2523873 0.1486231 0.2789321 0.1268286 0.1562429 0.2496222 0.2206435 0.2418445 0.2247994 0.2065062 0.1882558 0.2219419 0.2453118 0.0000000 0.2215963 0.2388686 0.3063265 0.2651729 0.4942766 
02A                            0.2356883 0.1530884 0.1549799 0.1858983 0.1994017 0.1589940 0.2210218 0.2449906 0.2000157 0.2490503 0.2526632 0.1196209 0.2056627 0.2252043 0.2856517 0.3079733 0.1320094 0.0712949 0.2920075 0.2531383 0.2855303 0.2163776 0.1980184 0.1739296 0.1365672 0.2190792 0.1870649 0.1919580 0.1975159 0.2711514 0.1558829 0.2215963 0.0000000 0.2827175 0.1376312 0.1458809 0.5952403 
C2U                            0.2293046 0.2409344 0.2440890 0.2449519 0.2816633 0.2750798 0.1993818 0.1343916 0.1808603 0.2188643 0.2479048 0.2281158 0.2127328 0.1888362 0.2236199 0.2648644 0.2791062 0.2550364 0.2838711 0.2070050 0.1624508 0.2152016 0.2026810 0.3167436 0.3013777 0.2396215 0.3012405 0.2382745 0.2910391 0.2754684 0.2829693 0.2388686 0.2827175 0.0000000 0.3457494 0.3060531 0.5572659 
02B                            0.3098224 0.1825628 0.1747551 0.2293796 0.2762190 0.2389156 0.2907199 0.2485449 0.2760112 0.2938781 0.2503391 0.1405771 0.2530163 0.2819946 0.2913366 0.3150791 0.1857771 0.0805129 0.3347150 0.3033806 0.2910096 0.2949407 0.2563493 0.1859983 0.1924860 0.2327428 0.2284305 0.2408381 0.1966279 0.3111941 0.1893968 0.3063265 0.1376312 0.3457494 0.0000000 0.2357830 0.5404455 
01C                            0.2374257 0.1343136 0.1603146 0.2003901 0.1829536 0.1741969 0.2136639 0.2481127 0.2273235 0.2531546 0.2801847 0.1244460 0.1865380 0.2423327 0.2765189 0.3085112 0.0427482 0.1210957 0.2705586 0.2687055 0.3091861 0.2501768 0.2005386 0.1791079 0.0525377 0.1976631 0.1290763 0.1962585 0.2063554 0.2989742 0.1633805 0.2651729 0.1458809 0.3060531 0.2357830 0.0000000 0.6036697 
CPZ                            0.5435215 0.5190467 0.5250295 0.5616277 0.5931940 0.5888259 0.5207197 0.5927151 0.5134683 0.5684654 0.6102664 0.5367346 0.5548965 0.4741819 0.5386305 0.5451088 0.5623095 0.5637377 0.5590850 0.5231788 0.6415224 0.5205733 0.4708250 0.6108955 0.5847522 0.4854630 0.5933319 0.5289402 0.5669928 0.5499133 0.5745517 0.4942766 0.5952403 0.5572659 0.5404455 0.6036697 0.0000000 
