37
B.FR.83.HXBLAI_IIIB_BRU.K03455 0.0000000 0.0771148 0.0859986 0.0938106 0.1173499 0.1183957 0.0103612 0.1105782 0.0429909 0.0664070 0.0638513 0.1028767 0.1019917 0.0908610 0.0700546 0.0733836 0.1164077 0.0648052 0.0906038 0.0604259 0.1002551 0.0463850 0.0552572 0.1088923 0.1119981 0.1040287 0.1002509 0.0996809 0.1135910 0.0388940 0.1144109 0.0844485 0.1049662 0.1104013 0.0656976 0.1123843 0.4315399 
A                              0.0771148 0.0000000 0.0356203 0.0514327 0.0387790 0.0364192 0.0743095 0.0853329 0.0932676 0.0734875 0.0727628 0.0690067 0.0987392 0.0810114 0.0545685 0.0707578 0.0434515 0.0418414 0.0468977 0.0848244 0.1175684 0.0908230 0.0822447 0.0715388 0.0407066 0.0596457 0.0362516 0.0584957 0.0539175 0.0929051 0.0914159 0.0736830 0.0732998 0.0883634 0.0503186 0.0509889 0.3857046 
A1                             0.0859986 0.0356203 0.0000000 0.0653200 0.0717283 0.0579540 0.0893088 0.1018224 0.0956980 0.0759043 0.0810183 0.0717851 0.1080453 0.0964063 0.0680649 0.0848651 0.0570157 0.0548541 0.0601191 0.0808817 0.1291800 0.0932766 0.0910749 0.0803260 0.0540070 0.0740627 0.0469661 0.0771352 0.0308624 0.1025021 0.0879469 0.0558184 0.0816271 0.1054691 0.0639235 0.0541775 0.3991367 
A2                             0.0938106 0.0514327 0.0653200 0.0000000 0.0884663 0.0784391 0.0845538 0.0877869 0.1044093 0.0897910 0.0950634 0.0944630 0.0947202 0.0774291 0.0464150 0.0742077 0.0818229 0.0554202 0.0607553 0.1016551 0.1200196 0.1019413 0.0980337 0.0901992 0.0782759 0.0169372 0.0676768 0.0801020 0.0811468 0.0959306 0.1191200 0.1126540 0.0891287 0.0866824 0.0561465 0.0785327 0.3978607 
A3                             0.1173499 0.0387790 0.0717283 0.0884663 0.0000000 0.0729573 0.1141456 0.1172031 0.1364439 0.1126890 0.1113329 0.1083678 0.1325182 0.1146695 0.0825885 0.1077946 0.0680653 0.0806243 0.0869519 0.1254041 0.1542423 0.1266250 0.1247031 0.1079026 0.0714435 0.1011580 0.0602458 0.1083250 0.0976710 0.1378223 0.1241976 0.1030364 0.1191994 0.1292393 0.0913989 0.0833294 0.4424855 
A6                             0.1183957 0.0364192 0.0579540 0.0784391 0.0729573 0.0000000 0.1151572 0.0911171 0.1303244 0.1029483 0.0951570 0.1000293 0.1265727 0.1140804 0.0898367 0.0957378 0.0551374 0.0736536 0.0841828 0.1120440 0.1102751 0.1198890 0.1085260 0.1093883 0.0583066 0.0878381 0.0518156 0.0953923 0.0821996 0.1287727 0.1258179 0.0931195 0.0932207 0.1012764 0.0793200 0.0668967 0.4890384 
B                              0.0103612 0.0743095 0.0893088 0.0845538 0.1141456 0.1151572 0.0000000 0.1005875 0.0308134 0.0582069 0.0612055 0.0931694 0.0855206 0.0813251 0.0616635 0.0706321 0.1166096 0.0621114 0.0749650 0.0524417 0.0841551 0.0388788 0.0473672 0.0991355 0.1121909 0.0945022 0.0971548 0.0896069 0.1071185 0.0315766 0.1112212 0.0780585 0.0953251 0.1004419 0.0572442 0.1125782 0.3973793 
C                              0.1105782 0.0853329 0.1018224 0.0877869 0.1172031 0.0911171 0.1005875 0.0000000 0.1080739 0.0959376 0.0783340 0.1119868 0.0890938 0.0829242 0.0741301 0.0590487 0.1178811 0.0937436 0.1008356 0.0876207 0.0398166 0.0981644 0.0974501 0.1070970 0.1135122 0.1038121 0.0982684 0.1076701 0.1136741 0.1096328 0.1235703 0.1242649 0.1341675 0.0673002 0.0887168 0.1138972 0.3826370 
D                              0.0429909 0.0932676 0.0956980 0.1044093 0.1364439 0.1303244 0.0308134 0.1080739 0.0000000 0.0692344 0.0636376 0.1034017 0.0924878 0.0982956 0.0735555 0.0769707 0.1387736 0.0828880 0.0877888 0.0416314 0.0938390 0.0218993 0.0670668 0.1094351 0.1339275 0.1149984 0.1045446 0.0967362 0.1144517 0.0608826 0.1220555 0.0781680 0.1092483 0.1010601 0.0779641 0.1272427 0.4273535 
F1                             0.0664070 0.0734875 0.0759043 0.0897910 0.1126890 0.1029483 0.0582069 0.0959376 0.0692344 0.0000000 0.0313474 0.0822003 0.1018731 0.0817494 0.0527641 0.0641586 0.1045616 0.0640756 0.0725387 0.0522130 0.1013959 0.0710204 0.0217934 0.0910838 0.1004358 0.1062990 0.0925986 0.0922534 0.0828211 0.0419576 0.1060160 0.0904612 0.1045248 0.1132578 0.0592658 0.1007787 0.3996637 
F2                             0.0638513 0.0727628 0.0810183 0.0950634 0.1113329 0.0951570 0.0612055 0.0783340 0.0636376 0.0313474 0.0000000 0.0907967 0.0906751 0.0889181 0.0550170 0.0521797 0.1033566 0.0634744 0.0820583 0.0568405 0.0945210 0.0652486 0.0422201 0.0933258 0.0993059 0.1115967 0.0884454 0.0843026 0.0911634 0.0655474 0.1149669 0.0882711 0.1099025 0.1014354 0.0643258 0.0996407 0.3837403 
G                              0.1028767 0.0690067 0.0717851 0.0944630 0.1083678 0.1000293 0.0931694 0.1119868 0.1034017 0.0822003 0.0907967 0.0000000 0.1111466 0.0803916 0.0715681 0.0867006 0.1144813 0.0526215 0.0885233 0.0910416 0.1424947 0.1066022 0.0986458 0.0346926 0.1100477 0.1047869 0.0914454 0.1011336 0.0819031 0.1036853 0.0191152 0.1031365 0.0713896 0.1019987 0.0533021 0.1069015 0.3947019 
H                              0.1019917 0.0987392 0.1080453 0.0947202 0.1325182 0.1265727 0.0855206 0.0890938 0.0924878 0.1018731 0.0906751 0.1111466 0.0000000 0.0968725 0.0696409 0.0700952 0.1314076 0.0995231 0.0932720 0.1043524 0.0985169 0.0899714 0.1124342 0.1137120 0.1363469 0.1080367 0.1016970 0.0867478 0.1035509 0.1175349 0.1232025 0.1080008 0.1179473 0.0913963 0.0945445 0.1296749 0.3865049 
J                              0.0908610 0.0810114 0.0964063 0.0774291 0.1146695 0.1140804 0.0813251 0.0829242 0.0982956 0.0817494 0.0889181 0.0803916 0.0968725 0.0000000 0.0483422 0.0801101 0.1285134 0.0816237 0.0884319 0.0960974 0.1125378 0.0957219 0.0788006 0.0974114 0.1238263 0.0870122 0.1013562 0.1040968 0.1041774 0.0828567 0.0901902 0.1134168 0.1206356 0.0995683 0.0765826 0.1242552 0.3520379 
K                              0.0700546 0.0545685 0.0680649 0.0464150 0.0825885 0.0898367 0.0616635 0.0741301 0.0735555 0.0527641 0.0550170 0.0715681 0.0696409 0.0483422 0.0000000 0.0543367 0.0885385 0.0522821 0.0579820 0.0661787 0.1035608 0.0738702 0.0658391 0.0740880 0.0848432 0.0572047 0.0623779 0.0689756 0.0717114 0.0695342 0.0876827 0.0771919 0.0851948 0.0700877 0.0529532 0.0851237 0.3810718 
L                              0.0733836 0.0707578 0.0848651 0.0742077 0.1077946 0.0957378 0.0706321 0.0590487 0.0769707 0.0641586 0.0521797 0.0867006 0.0700952 0.0801101 0.0543367 0.0000000 0.1006199 0.0772868 0.0773986 0.0637294 0.0780217 0.0745511 0.0719060 0.0954736 0.0967233 0.0892437 0.0857823 0.0842735 0.0888911 0.0791320 0.1037114 0.0977444 0.1069634 0.0740625 0.0725210 0.0970412 0.3625619 
AE                             0.1164077 0.0434515 0.0570157 0.0818229 0.0680653 0.0551374 0.1166096 0.1178811 0.1387736 0.1045616 0.1033566 0.1144813 0.1314076 0.1285134 0.0885385 0.1006199 0.0000000 0.0788555 0.0727501 0.1169750 0.1552387 0.1284134 0.1158245 0.1209861 0.0020190 0.0941726 0.0431722 0.0970899 0.0791802 0.1402392 0.1378574 0.1011176 0.1094493 0.1149199 0.0830963 0.0103413 0.4537382 
AG                             0.0648052 0.0418414 0.0548541 0.0554202 0.0806243 0.0736536 0.0621114 0.0937436 0.0828880 0.0640756 0.0634744 0.0526215 0.0995231 0.0816237 0.0522821 0.0772868 0.0788555 0.0000000 0.0547013 0.0808815 0.1279473 0.0851851 0.0781823 0.0550262 0.0753629 0.0637289 0.0591513 0.0898770 0.0694361 0.0793467 0.0786523 0.0885725 0.0385253 0.0969120 0.0082944 0.0784910 0.3926099 
cpx                            0.0906038 0.0468977 0.0601191 0.0607553 0.0869519 0.0841828 0.0749650 0.1008356 0.0877888 0.0725387 0.0820583 0.0885233 0.0932720 0.0884319 0.0579820 0.0773986 0.0727501 0.0547013 0.0000000 0.0795328 0.1210339 0.0921094 0.0873339 0.0910864 0.0693773 0.0752708 0.0480273 0.0775726 0.0753138 0.0915636 0.1060231 0.0922430 0.0757965 0.0906618 0.0500237 0.0696039 0.4011122 
DF                             0.0604259 0.0848244 0.0808817 0.1016551 0.1254041 0.1120440 0.0524417 0.0876207 0.0416314 0.0522130 0.0568405 0.0910416 0.1043524 0.0960974 0.0661787 0.0637294 0.1169750 0.0808815 0.0795328 0.0000000 0.0937986 0.0425842 0.0553992 0.0999737 0.1126690 0.1118784 0.0882786 0.1008680 0.0849038 0.0653138 0.1084894 0.0885119 0.1031159 0.0955952 0.0760804 0.1064240 0.3808329 
BC                             0.1002551 0.1175684 0.1291800 0.1200196 0.1542423 0.1102751 0.0841551 0.0398166 0.0938390 0.1013959 0.0945210 0.1424947 0.0985169 0.1125378 0.1035608 0.0780217 0.1552387 0.1279473 0.1210339 0.0937986 0.0000000 0.0942652 0.0946533 0.1442311 0.1500249 0.1379399 0.1335339 0.1173584 0.1419996 0.1136947 0.1555583 0.1075120 0.1521133 0.0907788 0.1228684 0.1430879 0.4417012 
CD                             0.0463850 0.0908230 0.0932766 0.1019413 0.1266250 0.1198890 0.0388788 0.0981644 0.0218993 0.0710204 0.0652486 0.1066022 0.0899714 0.0957219 0.0738702 0.0745511 0.1284134 0.0851851 0.0921094 0.0425842 0.0942652 0.0000000 0.0688031 0.1128425 0.1237383 0.1125404 0.1019887 0.1013966 0.1047988 0.0650727 0.1224742 0.0850875 0.0995385 0.0985021 0.0801222 0.1171385 0.3836845 
BF                             0.0552572 0.0822447 0.0910749 0.0980337 0.1247031 0.1085260 0.0473672 0.0974501 0.0670668 0.0217934 0.0422201 0.0986458 0.1124342 0.0788006 0.0658391 0.0719060 0.1158245 0.0781823 0.0873339 0.0553992 0.0946533 0.0688031 0.0000000 0.1081566 0.1113048 0.1084905 0.1101879 0.1097128 0.0987818 0.0263788 0.1248157 0.1073431 0.1228721 0.1157189 0.0731636 0.1187762 0.3905352 
BG                             0.1088923 0.0715388 0.0803260 0.0901992 0.1079026 0.1093883 0.0991355 0.1070970 0.1094351 0.0910838 0.0933258 0.0346926 0.1137120 0.0974114 0.0740880 0.0954736 0.1209861 0.0550262 0.0910864 0.0999737 0.1442311 0.1128425 0.1081566 0.0000000 0.1164592 0.1073052 0.0841579 0.0999335 0.0907400 0.1170977 0.0532154 0.1173528 0.0774718 0.1115426 0.0557398 0.1132990 0.4857025 
01B                            0.1119981 0.0407066 0.0540070 0.0782759 0.0714435 0.0583066 0.1121909 0.1135122 0.1339275 0.1004358 0.0993059 0.1100477 0.1363469 0.1238263 0.0848432 0.0967233 0.0020190 0.0753629 0.0693773 0.1126690 0.1500249 0.1237383 0.1113048 0.1164592 0.0000000 0.0903997 0.0460056 0.0931467 0.0785763 0.1351650 0.1329138 0.0970667 0.1053130 0.1105995 0.0794744 0.0081914 0.4404561 
A2D                            0.1040287 0.0596457 0.0740627 0.0169372 0.1011580 0.0878381 0.0945022 0.1038121 0.1149984 0.1062990 0.1115967 0.1047869 0.1080367 0.0870122 0.0572047 0.0892437 0.0941726 0.0637289 0.0752708 0.1118784 0.1379399 0.1125404 0.1084905 0.1073052 0.0903997 0.0000000 0.0856451 0.0866900 0.0967323 0.1064509 0.1232087 0.1161003 0.0985716 0.0932109 0.0645889 0.0906965 0.3917463 
01A1                           0.1002509 0.0362516 0.0469661 0.0676768 0.0602458 0.0518156 0.0971548 0.0982684 0.1045446 0.0925986 0.0884454 0.0914454 0.1016970 0.1013562 0.0623779 0.0857823 0.0431722 0.0591513 0.0480273 0.0882786 0.1335339 0.1019887 0.1101879 0.0841579 0.0460056 0.0856451 0.0000000 0.0661960 0.0585850 0.1152897 0.1097713 0.0828635 0.0792726 0.0990295 0.0686995 0.0461493 0.4050634 
A5U                            0.0996809 0.0584957 0.0771352 0.0801020 0.1083250 0.0953923 0.0896069 0.1076701 0.0967362 0.0922534 0.0843026 0.1011336 0.0867478 0.1040968 0.0689756 0.0842735 0.0970899 0.0898770 0.0775726 0.1008680 0.1173584 0.1013966 0.1097128 0.0999335 0.0931467 0.0866900 0.0661960 0.0000000 0.0937210 0.1115520 0.1281562 0.0915433 0.1193507 0.1035743 0.0946957 0.0871487 0.4021021 
AD                             0.1135910 0.0539175 0.0308624 0.0811468 0.0976710 0.0821996 0.1071185 0.1136741 0.1144517 0.0828211 0.0911634 0.0819031 0.1035509 0.1041774 0.0717114 0.0888911 0.0791802 0.0694361 0.0753138 0.0849038 0.1419996 0.1047988 0.0987818 0.0907400 0.0785763 0.0967323 0.0585850 0.0937210 0.0000000 0.1182781 0.1023159 0.0833837 0.0918779 0.1175079 0.0733708 0.0788255 0.4112802 
BF1                            0.0388940 0.0929051 0.1025021 0.0959306 0.1378223 0.1287727 0.0315766 0.1096328 0.0608826 0.0419576 0.0655474 0.1036853 0.1175349 0.0828567 0.0695342 0.0791320 0.1402392 0.0793467 0.0915636 0.0653138 0.1136947 0.0650727 0.0263788 0.1170977 0.1351650 0.1064509 0.1152897 0.1115520 0.1182781 0.0000000 0.1231710 0.1198854 0.1244086 0.1171461 0.0742524 0.1356457 0.4193040 
02G                            0.1144109 0.0914159 0.0879469 0.1191200 0.1241976 0.1258179 0.1112212 0.1235703 0.1220555 0.1060160 0.1149669 0.0191152 0.1232025 0.0901902 0.0876827 0.1037114 0.1378574 0.0786523 0.1060231 0.1084894 0.1555583 0.1224742 0.1248157 0.0532154 0.1329138 0.1232087 0.1097713 0.1281562 0.1023159 0.1231710 0.0000000 0.1151096 0.1002618 0.1283849 0.0797731 0.1296054 0.4213020 
A1D                            0.0844485 0.0736830 0.0558184 0.1126540 0.1030364 0.0931195 0.0780585 0.1242649 0.0781680 0.0904612 0.0882711 0.1031365 0.1080008 0.1134168 0.0771919 0.0977444 0.1011176 0.0885725 0.0922430 0.0885119 0.1075120 0.0850875 0.1073431 0.1173528 0.0970667 0.1161003 0.0828635 0.0915433 0.0833837 0.1198854 0.1151096 0.0000000 0.1026880 0.1127906 0.0964945 0.0909670 0.3875230 
02A                            0.1049662 0.0732998 0.0816271 0.0891287 0.1191994 0.0932207 0.0953251 0.1341675 0.1092483 0.1045248 0.1099025 0.0713896 0.1179473 0.1206356 0.0851948 0.1069634 0.1094493 0.0385253 0.0757965 0.1031159 0.1521133 0.0995385 0.1228721 0.0774718 0.1053130 0.0985716 0.0792726 0.1193507 0.0918779 0.1244086 0.1002618 0.1026880 0.0000000 0.1158488 0.0408705 0.1023367 0.4036925 
C2U                            0.1104013 0.0883634 0.1054691 0.0866824 0.1292393 0.1012764 0.1004419 0.0673002 0.1010601 0.1132578 0.1014354 0.1019987 0.0913963 0.0995683 0.0700877 0.0740625 0.1149199 0.0969120 0.0906618 0.0955952 0.0907788 0.0985021 0.1157189 0.1115426 0.1105995 0.0932109 0.0990295 0.1035743 0.1175079 0.1171461 0.1283849 0.1127906 0.1158488 0.0000000 0.0918978 0.1043044 0.3894498 
02B                            0.0656976 0.0503186 0.0639235 0.0561465 0.0913989 0.0793200 0.0572442 0.0887168 0.0779641 0.0592658 0.0643258 0.0533021 0.0945445 0.0765826 0.0529532 0.0725210 0.0830963 0.0082944 0.0500237 0.0760804 0.1228684 0.0801222 0.0731636 0.0557398 0.0794744 0.0645889 0.0686995 0.0946957 0.0733708 0.0742524 0.0797731 0.0964945 0.0408705 0.0918978 0.0000000 0.0826966 0.4024964 
01C                            0.1123843 0.0509889 0.0541775 0.0785327 0.0833294 0.0668967 0.1125782 0.1138972 0.1272427 0.1007787 0.0996407 0.1069015 0.1296749 0.1242552 0.0851237 0.0970412 0.0103413 0.0784910 0.0696039 0.1064240 0.1430879 0.1171385 0.1187762 0.1132990 0.0081914 0.0906965 0.0461493 0.0871487 0.0788255 0.1356457 0.1296054 0.0909670 0.1023367 0.1043044 0.0826966 0.0000000 0.4284070 
CPZ                            0.4315399 0.3857046 0.3991367 0.3978607 0.4424855 0.4890384 0.3973793 0.3826370 0.4273535 0.3996637 0.3837403 0.3947019 0.3865049 0.3520379 0.3810718 0.3625619 0.4537382 0.3926099 0.4011122 0.3808329 0.4417012 0.3836845 0.3905352 0.4857025 0.4404561 0.3917463 0.4050634 0.4021021 0.4112802 0.4193040 0.4213020 0.3875230 0.4036925 0.3894498 0.4024964 0.4284070 0.0000000 
