37
B.FR.83.HXBLAI_IIIB_BRU.K03455 0.0000000 0.2508075 0.2696554 0.3214412 0.3437054 0.3480663 0.0786578 0.2712024 0.2131251 0.2032708 0.2639896 0.2625323 0.3100088 0.3547774 0.2147694 0.3133947 0.2461978 0.2867676 0.3273302 0.2656398 0.3772051 0.3500028 0.2387116 0.1316970 0.1411835 0.2776606 0.3313229 0.2683794 0.3142501 0.2384819 0.3419372 0.2677372 0.4000059 0.2873058 0.3793897 0.2616753 0.8116566 
A                              0.2508075 0.0000000 0.0657195 0.1060817 0.1334065 0.1486422 0.1969138 0.2403575 0.1993082 0.2009443 0.2269632 0.1583482 0.2385261 0.2866424 0.2308605 0.2369560 0.2088762 0.0797618 0.3307094 0.2226494 0.3022199 0.3578820 0.1984689 0.3100838 0.2457445 0.1253179 0.1151680 0.1544847 0.1182641 0.2712878 0.1880379 0.2104030 0.2027246 0.2411881 0.1782480 0.2397096 0.7645599 
A1                             0.2696554 0.0657195 0.0000000 0.1028495 0.1517223 0.1322744 0.1842707 0.2279545 0.2112190 0.2318153 0.2329697 0.1533962 0.2722764 0.2777375 0.2146222 0.2359528 0.2010189 0.0804186 0.3222854 0.2514288 0.2792043 0.3704377 0.2300580 0.2979174 0.2358220 0.1108880 0.0846380 0.1828211 0.1083453 0.3069678 0.1749791 0.2177281 0.1954433 0.2847190 0.1513223 0.2685225 0.7524407 
A2                             0.3214412 0.1060817 0.1028495 0.0000000 0.2138463 0.1677300 0.2152215 0.2031661 0.1748207 0.1950100 0.2304383 0.1755637 0.2493670 0.2795685 0.1693246 0.2795267 0.2327953 0.1350806 0.3000435 0.2215122 0.2890237 0.2933317 0.2149890 0.3497916 0.2977596 0.0902679 0.1642367 0.1702948 0.2024424 0.2464603 0.1848413 0.2301847 0.2440938 0.2256135 0.2310205 0.2701232 0.8299492 
A3                             0.3437054 0.1334065 0.1517223 0.2138463 0.0000000 0.2046280 0.2533556 0.2857196 0.2346997 0.2388907 0.3060456 0.2091656 0.3169822 0.3699172 0.3033068 0.2819342 0.2932783 0.1374805 0.3906406 0.2711400 0.3909382 0.3500345 0.2716953 0.3361903 0.2846870 0.2110150 0.1603312 0.2521484 0.1978057 0.3438737 0.2569742 0.3291979 0.2288697 0.3105567 0.1871272 0.2821804 0.7844209 
A6                             0.3480663 0.1486422 0.1322744 0.1677300 0.2046280 0.0000000 0.2212496 0.3003588 0.2946683 0.2859058 0.3161451 0.2361525 0.2929064 0.3278758 0.2693173 0.3091390 0.2496574 0.1378413 0.3740962 0.2637672 0.3923361 0.3997677 0.3073668 0.3350797 0.3022319 0.1971502 0.1539640 0.2406474 0.1745788 0.3515647 0.2734990 0.3007664 0.2296587 0.3267227 0.2214252 0.2664663 0.7530720 
B                              0.0786578 0.1969138 0.1842707 0.2152215 0.2533556 0.2212496 0.0000000 0.1574004 0.1202792 0.1390905 0.2037942 0.1957527 0.1994661 0.2514864 0.1645168 0.2168146 0.1819048 0.1823788 0.2248909 0.1979170 0.2770463 0.2428362 0.1829855 0.0900358 0.0684310 0.2247366 0.2412475 0.2115721 0.2239392 0.1873191 0.2579596 0.2373036 0.2895306 0.2155081 0.2547954 0.1804467 0.6533852 
C                              0.2712024 0.2403575 0.2279545 0.2031661 0.2857196 0.3003588 0.1574004 0.0000000 0.1917100 0.1550025 0.2487225 0.2142109 0.2162634 0.1798701 0.2135420 0.2781776 0.2386634 0.2098343 0.2334742 0.1698665 0.0643656 0.3059188 0.1912558 0.2935852 0.2322360 0.2316944 0.2433695 0.1961903 0.2785018 0.1927933 0.2639206 0.2886128 0.3372411 0.1176404 0.2893734 0.2426809 0.7308519 
D                              0.2131251 0.1993082 0.2112190 0.1748207 0.2346997 0.2946683 0.1202792 0.1917100 0.0000000 0.1689989 0.2428435 0.2453517 0.2369360 0.3099139 0.2054162 0.2534492 0.2286914 0.2060455 0.2649404 0.2212872 0.3175450 0.1022893 0.2327639 0.2226157 0.1988835 0.1862157 0.2167638 0.2323027 0.1906597 0.2420949 0.2753369 0.1097008 0.3053145 0.2075949 0.2899053 0.2578081 0.8008243 
F1                             0.2032708 0.2009443 0.2318153 0.1950100 0.2388907 0.2859058 0.1390905 0.1550025 0.1689989 0.0000000 0.1269527 0.1853981 0.2233893 0.2165644 0.1536974 0.2219132 0.2004727 0.2077243 0.1860787 0.0847267 0.2201360 0.2464958 0.0357594 0.2055964 0.1939886 0.1954980 0.2238085 0.1800196 0.2302713 0.0548305 0.2149017 0.2298078 0.3112872 0.1425769 0.3147121 0.1739312 0.6026846 
F2                             0.2639896 0.2269632 0.2329697 0.2304383 0.3060456 0.3161451 0.2037942 0.2487225 0.2428435 0.1269527 0.0000000 0.2353976 0.3293001 0.3576742 0.1827397 0.2978036 0.2518023 0.2373781 0.2832217 0.1729369 0.3322796 0.3476567 0.1445693 0.3137579 0.2759122 0.2288910 0.2458323 0.2710913 0.2661026 0.2260920 0.2254412 0.2790210 0.3670809 0.2808763 0.3395992 0.2988821 0.7043864 
G                              0.2625323 0.1583482 0.1533962 0.1755637 0.2091656 0.2361525 0.1957527 0.2142109 0.2453517 0.1853981 0.2353976 0.0000000 0.2414113 0.1993787 0.1790789 0.2264616 0.2285950 0.1631429 0.2761929 0.1937040 0.2988493 0.3319303 0.2085695 0.3008114 0.2472249 0.1799319 0.1776368 0.1960132 0.2092907 0.2216232 0.0657940 0.2823711 0.2301749 0.1925957 0.2024274 0.2295462 0.7624450 
H                              0.3100088 0.2385261 0.2722764 0.2493670 0.3169822 0.2929064 0.1994661 0.2162634 0.2369360 0.2233893 0.3293001 0.2414113 0.0000000 0.2606188 0.2389892 0.2694735 0.2415519 0.2774194 0.3105676 0.2444813 0.3300124 0.3586675 0.2663179 0.2865439 0.2712480 0.2484464 0.2887583 0.2555338 0.3048778 0.2716231 0.2855082 0.3500559 0.3150901 0.2587424 0.2989629 0.2119116 0.6755704 
J                              0.3547774 0.2866424 0.2777375 0.2795685 0.3699172 0.3278758 0.2514864 0.1798701 0.3099139 0.2165644 0.3576742 0.1993787 0.2606188 0.0000000 0.2659058 0.2718693 0.2970093 0.2957263 0.3109946 0.2504960 0.2738434 0.4135931 0.2421829 0.3292287 0.2796734 0.2916118 0.3148843 0.2451619 0.2937580 0.2929548 0.2635259 0.3959175 0.3483447 0.2765142 0.3217087 0.2694417 0.8041991 
K                              0.2147694 0.2308605 0.2146222 0.1693246 0.3033068 0.2693173 0.1645168 0.2135420 0.2054162 0.1536974 0.1827397 0.1790789 0.2389892 0.2659058 0.0000000 0.2636737 0.1738770 0.2530118 0.1832740 0.1400724 0.2929193 0.2516487 0.1704408 0.2497564 0.2106567 0.1933445 0.2611477 0.2033381 0.2749032 0.1698985 0.1749083 0.2591981 0.3356297 0.1986477 0.3300128 0.2031509 0.6954511 
L                              0.3133947 0.2369560 0.2359528 0.2795267 0.2819342 0.3091390 0.2168146 0.2781776 0.2534492 0.2219132 0.2978036 0.2264616 0.2694735 0.2718693 0.2636737 0.0000000 0.2613603 0.2593040 0.3473528 0.2717178 0.3675232 0.4201400 0.2225946 0.2603070 0.2687491 0.2726251 0.2831324 0.2728666 0.2713685 0.3425846 0.2877782 0.3259761 0.2499444 0.2270477 0.2499903 0.2555134 0.8745279 
AE                             0.2461978 0.2088762 0.2010189 0.2327953 0.2932783 0.2496574 0.1819048 0.2386634 0.2286914 0.2004727 0.2518023 0.2285950 0.2415519 0.2970093 0.1738770 0.2613603 0.0000000 0.2353117 0.2554617 0.2173638 0.3340690 0.2890261 0.2176444 0.2342570 0.2486328 0.2314304 0.2228009 0.2012655 0.2248603 0.2623293 0.2516458 0.2956504 0.3225858 0.2333771 0.3296360 0.0629620 0.7648803 
AG                             0.2867676 0.0797618 0.0804186 0.1350806 0.1374805 0.1378413 0.1823788 0.2098343 0.2060455 0.2077243 0.2373781 0.1631429 0.2774194 0.2957263 0.2530118 0.2593040 0.2353117 0.0000000 0.3644098 0.2429722 0.3092670 0.3287834 0.2286734 0.3092907 0.2333453 0.1560062 0.1014310 0.2000207 0.1570180 0.2904586 0.2066950 0.2512960 0.1312784 0.2664449 0.1011272 0.2682343 0.6740712 
cpx                            0.3273302 0.3307094 0.3222854 0.3000435 0.3906406 0.3740962 0.2248909 0.2334742 0.2649404 0.1860787 0.2832217 0.2761929 0.3105676 0.3109946 0.1832740 0.3473528 0.2554617 0.3644098 0.0000000 0.2325810 0.2693078 0.3705006 0.2157180 0.3597899 0.3139501 0.3333299 0.3836426 0.3034360 0.3730146 0.2729613 0.2682613 0.4266270 0.4655997 0.3013784 0.4718945 0.3096715 0.8783130 
DF                             0.2656398 0.2226494 0.2514288 0.2215122 0.2711400 0.2637672 0.1979170 0.1698665 0.2212872 0.0847267 0.1729369 0.1937040 0.2444813 0.2504960 0.1400724 0.2717178 0.2173638 0.2429722 0.2325810 0.0000000 0.2579042 0.2882476 0.1103975 0.2865960 0.2811091 0.2229960 0.2440923 0.2438920 0.2557058 0.1256290 0.2234813 0.2459931 0.3126587 0.1793210 0.3233654 0.2215493 0.6574239 
BC                             0.3772051 0.3022199 0.2792043 0.2890237 0.3909382 0.3923361 0.2770463 0.0643656 0.3175450 0.2201360 0.3322796 0.2988493 0.3300124 0.2738434 0.2929193 0.3675232 0.3340690 0.3092670 0.2693078 0.2579042 0.0000000 0.4396595 0.2523498 0.3728852 0.3470401 0.3043759 0.3410394 0.2856781 0.3476117 0.2948291 0.3257831 0.4126511 0.4133423 0.1817611 0.3779300 0.3567828 0.8211950 
CD                             0.3500028 0.3578820 0.3704377 0.2933317 0.3500345 0.3997677 0.2428362 0.3059188 0.1022893 0.2464958 0.3476567 0.3319303 0.3586675 0.4135931 0.2516487 0.4201400 0.2890261 0.3287834 0.3705006 0.2882476 0.4396595 0.0000000 0.2631919 0.3628095 0.3216052 0.3112702 0.3492629 0.3953641 0.3140019 0.2957366 0.3804974 0.2131755 0.3706645 0.3083447 0.4120934 0.3574265 0.9863291 
BF                             0.2387116 0.1984689 0.2300580 0.2149890 0.2716953 0.3073668 0.1829855 0.1912558 0.2327639 0.0357594 0.1445693 0.2085695 0.2663179 0.2421829 0.1704408 0.2225946 0.2176444 0.2286734 0.2157180 0.1103975 0.2523498 0.2631919 0.0000000 0.2389196 0.2243599 0.2160807 0.2361148 0.2035052 0.2249033 0.0749301 0.2169577 0.2424955 0.3443288 0.1935101 0.3382569 0.2003932 0.7002350 
BG                             0.1316970 0.3100838 0.2979174 0.3497916 0.3361903 0.3350797 0.0900358 0.2935852 0.2226157 0.2055964 0.3137579 0.3008114 0.2865439 0.3292287 0.2497564 0.2603070 0.2342570 0.3092907 0.3597899 0.2865960 0.3728852 0.3628095 0.2389196 0.0000000 0.1468303 0.3421121 0.3765736 0.3238703 0.3057787 0.2406329 0.3815873 0.3298727 0.3603722 0.3312148 0.3813060 0.2107765 0.7580179 
01B                            0.1411835 0.2457445 0.2358220 0.2977596 0.2846870 0.3022319 0.0684310 0.2322360 0.1988835 0.1939886 0.2759122 0.2472249 0.2712480 0.2796734 0.2106567 0.2687491 0.2486328 0.2333453 0.3139501 0.2811091 0.3470401 0.3216052 0.2243599 0.1468303 0.0000000 0.2827641 0.2945878 0.2794369 0.2826664 0.2638874 0.2950730 0.3263489 0.3424309 0.2996080 0.3158142 0.2379707 0.7997473 
A2D                            0.2776606 0.1253179 0.1108880 0.0902679 0.2110150 0.1971502 0.2247366 0.2316944 0.1862157 0.1954980 0.2288910 0.1799319 0.2484464 0.2916118 0.1933445 0.2726251 0.2314304 0.1560062 0.3333299 0.2229960 0.3043759 0.3112702 0.2160807 0.3421121 0.2827641 0.0000000 0.1594710 0.1987671 0.1962611 0.2217093 0.2015413 0.2143323 0.2387581 0.2319960 0.2165305 0.2838403 0.6785316 
01A1                           0.3313229 0.1151680 0.0846380 0.1642367 0.1603312 0.1539640 0.2412475 0.2433695 0.2167638 0.2238085 0.2458323 0.1776368 0.2887583 0.3148843 0.2611477 0.2831324 0.2228009 0.1014310 0.3836426 0.2440923 0.3410394 0.3492629 0.2361148 0.3765736 0.2945878 0.1594710 0.0000000 0.1999228 0.1196386 0.3267931 0.2121047 0.2406413 0.1889635 0.2725029 0.1577004 0.2518569 0.7250504 
A5U                            0.2683794 0.1544847 0.1828211 0.1702948 0.2521484 0.2406474 0.2115721 0.1961903 0.2323027 0.1800196 0.2710913 0.1960132 0.2555338 0.2451619 0.2033381 0.2728666 0.2012655 0.2000207 0.3034360 0.2438920 0.2856781 0.3953641 0.2035052 0.3238703 0.2794369 0.1987671 0.1999228 0.0000000 0.2132305 0.2511419 0.2056171 0.2722220 0.2880863 0.2422303 0.2701804 0.2214128 0.7124922 
AD                             0.3142501 0.1182641 0.1083453 0.2024424 0.1978057 0.1745788 0.2239392 0.2785018 0.1906597 0.2302713 0.2661026 0.2092907 0.3048778 0.2937580 0.2749032 0.2713685 0.2248603 0.1570180 0.3730146 0.2557058 0.3476117 0.3140019 0.2249033 0.3057787 0.2826664 0.1962611 0.1196386 0.2132305 0.0000000 0.3174600 0.2299482 0.2197035 0.2497978 0.2456414 0.1927373 0.2434239 0.7957383 
BF1                            0.2384819 0.2712878 0.3069678 0.2464603 0.3438737 0.3515647 0.1873191 0.1927933 0.2420949 0.0548305 0.2260920 0.2216232 0.2716231 0.2929548 0.1698985 0.3425846 0.2623293 0.2904586 0.2729613 0.1256290 0.2948291 0.2957366 0.0749301 0.2406329 0.2638874 0.2217093 0.3267931 0.2511419 0.3174600 0.0000000 0.2452007 0.2994565 0.4106510 0.1992076 0.4368406 0.2557519 0.7248957 
02G                            0.3419372 0.1880379 0.1749791 0.1848413 0.2569742 0.2734990 0.2579596 0.2639206 0.2753369 0.2149017 0.2254412 0.0657940 0.2855082 0.2635259 0.1749083 0.2877782 0.2516458 0.2066950 0.2682613 0.2234813 0.3257831 0.3804974 0.2169577 0.3815873 0.2950730 0.2015413 0.2121047 0.2056171 0.2299482 0.2452007 0.0000000 0.3126428 0.2967556 0.2494169 0.2782683 0.2796756 0.8760596 
A1D                            0.2677372 0.2104030 0.2177281 0.2301847 0.3291979 0.3007664 0.2373036 0.2886128 0.1097008 0.2298078 0.2790210 0.2823711 0.3500559 0.3959175 0.2591981 0.3259761 0.2956504 0.2512960 0.4266270 0.2459931 0.4126511 0.2131755 0.2424955 0.3298727 0.3263489 0.2143323 0.2406413 0.2722220 0.2197035 0.2994565 0.3126428 0.0000000 0.3830520 0.2708756 0.3311077 0.3214566 0.9554311 
02A                            0.4000059 0.2027246 0.1954433 0.2440938 0.2288697 0.2296587 0.2895306 0.3372411 0.3053145 0.3112872 0.3670809 0.2301749 0.3150901 0.3483447 0.3356297 0.2499444 0.3225858 0.1312784 0.4655997 0.3126587 0.4133423 0.3706645 0.3443288 0.3603722 0.3424309 0.2387581 0.1889635 0.2880863 0.2497978 0.4106510 0.2967556 0.3830520 0.0000000 0.3055438 0.1733474 0.3388774 0.8447159 
C2U                            0.2873058 0.2411881 0.2847190 0.2256135 0.3105567 0.3267227 0.2155081 0.1176404 0.2075949 0.1425769 0.2808763 0.1925957 0.2587424 0.2765142 0.1986477 0.2270477 0.2333771 0.2664449 0.3013784 0.1793210 0.1817611 0.3083447 0.1935101 0.3312148 0.2996080 0.2319960 0.2725029 0.2422303 0.2456414 0.1992076 0.2494169 0.2708756 0.3055438 0.0000000 0.2915630 0.2330040 0.6963346 
02B                            0.3793897 0.1782480 0.1513223 0.2310205 0.1871272 0.2214252 0.2547954 0.2893734 0.2899053 0.3147121 0.3395992 0.2024274 0.2989629 0.3217087 0.3300128 0.2499903 0.3296360 0.1011272 0.4718945 0.3233654 0.3779300 0.4120934 0.3382569 0.3813060 0.3158142 0.2165305 0.1577004 0.2701804 0.1927373 0.4368406 0.2782683 0.3311077 0.1733474 0.2915630 0.0000000 0.3477504 0.7620993 
01C                            0.2616753 0.2397096 0.2685225 0.2701232 0.2821804 0.2664663 0.1804467 0.2426809 0.2578081 0.1739312 0.2988821 0.2295462 0.2119116 0.2694417 0.2031509 0.2555134 0.0629620 0.2682343 0.3096715 0.2215493 0.3567828 0.3574265 0.2003932 0.2107765 0.2379707 0.2838403 0.2518569 0.2214128 0.2434239 0.2557519 0.2796756 0.3214566 0.3388774 0.2330040 0.3477504 0.0000000 0.8055334 
CPZ                            0.8116566 0.7645599 0.7524407 0.8299492 0.7844209 0.7530720 0.6533852 0.7308519 0.8008243 0.6026846 0.7043864 0.7624450 0.6755704 0.8041991 0.6954511 0.8745279 0.7648803 0.6740712 0.8783130 0.6574239 0.8211950 0.9863291 0.7002350 0.7580179 0.7997473 0.6785316 0.7250504 0.7124922 0.7957383 0.7248957 0.8760596 0.9554311 0.8447159 0.6963346 0.7620993 0.8055334 0.0000000 
