37
B.FR.83.HXBLAI_IIIB_BRU.K03455 0.0000000 0.1748208 0.1904821 0.2251376 0.2013713 0.1839591 0.0166350 0.1524791 0.0777471 0.1232274 0.1112806 0.2128094 0.1809166 0.1456846 0.1494786 0.1156864 0.2196733 0.2419699 0.2241630 0.0979358 0.1687774 0.0963399 0.1185891 0.2093627 0.2124679 0.1823849 0.1897231 0.1967320 0.2336838 0.1282498 0.2624265 0.1784341 0.2869422 0.1615596 0.1803987 0.2066359 0.6392542 
A                              0.1748208 0.0000000 0.0253726 0.1551147 0.0513257 0.0537976 0.1543510 0.1812796 0.1442638 0.2152551 0.1973718 0.1432956 0.1345367 0.1550639 0.2018406 0.1253654 0.0759302 0.0895589 0.0765178 0.1606487 0.2139499 0.1549567 0.2195231 0.1785391 0.0730249 0.1369765 0.0515513 0.0763786 0.0808663 0.2187946 0.1378840 0.1361122 0.1318201 0.1519436 0.1079009 0.0915671 0.5715217 
A1                             0.1904821 0.0253726 0.0000000 0.1700793 0.0586137 0.0572011 0.1692412 0.2047327 0.1583268 0.2371328 0.2139948 0.1356446 0.1545436 0.1729008 0.2003162 0.1416095 0.0881917 0.0921746 0.0760586 0.1750793 0.2221741 0.1652374 0.2527045 0.1698975 0.0919610 0.1448953 0.0719510 0.0934090 0.0524545 0.2307138 0.1470266 0.1228806 0.1223791 0.1733942 0.1184662 0.0987739 0.5628424 
A2                             0.2251376 0.1551147 0.1700793 0.0000000 0.1899302 0.2020373 0.2171378 0.2071802 0.2115944 0.2346352 0.2087772 0.2118351 0.1820710 0.2376378 0.1915828 0.2013811 0.2313298 0.1865047 0.2346333 0.2203908 0.2523914 0.2448195 0.2254790 0.2395767 0.2263735 0.1031267 0.2055256 0.1448721 0.1898342 0.2028018 0.1944922 0.2431133 0.2166629 0.2147120 0.2437849 0.2337353 0.6228714 
A3                             0.2013713 0.0513257 0.0586137 0.1899302 0.0000000 0.0806094 0.1892087 0.2114430 0.1923429 0.2263494 0.2374704 0.1681016 0.1703553 0.2035919 0.2173963 0.1443848 0.1030264 0.1095252 0.0998996 0.2029835 0.2321953 0.1981309 0.2418000 0.1911331 0.1086762 0.1759766 0.0977464 0.1066928 0.0890626 0.2365372 0.1604249 0.1385188 0.1473659 0.1745728 0.1250702 0.1104136 0.6180519 
A6                             0.1839591 0.0537976 0.0572011 0.2020373 0.0806094 0.0000000 0.1740676 0.2257606 0.1809450 0.2361965 0.2203335 0.1912507 0.1948552 0.2054116 0.2348331 0.1577837 0.1061093 0.0988488 0.0963049 0.2051572 0.2619698 0.1967022 0.2634511 0.2262074 0.1085226 0.1680541 0.0902836 0.1319383 0.0813085 0.2503720 0.1619643 0.1614174 0.1386568 0.1914080 0.1352231 0.1124127 0.5963917 
B                              0.0166350 0.1543510 0.1692412 0.2171378 0.1892087 0.1740676 0.0000000 0.1465440 0.0564874 0.1123016 0.1123423 0.1976039 0.1732879 0.1534455 0.1372544 0.1031901 0.1970304 0.2307896 0.2034402 0.1001615 0.1638818 0.0757052 0.1137161 0.1959526 0.1900798 0.1608174 0.1685600 0.1839313 0.2235004 0.1172215 0.2506426 0.1651521 0.2702531 0.1603365 0.1629739 0.1915570 0.6185408 
C                              0.1524791 0.1812796 0.2047327 0.2071802 0.2114430 0.2257606 0.1465440 0.0000000 0.1131125 0.1571116 0.1359782 0.2001092 0.1449756 0.1676191 0.1519982 0.1331120 0.2407181 0.2576883 0.2559349 0.1395229 0.0505929 0.1362765 0.1668633 0.2270891 0.2330281 0.2000980 0.2302135 0.1777488 0.2216940 0.1614234 0.2472814 0.1884701 0.2632549 0.0973199 0.2409971 0.2599649 0.6612788 
D                              0.0777471 0.1442638 0.1583268 0.2115944 0.1923429 0.1809450 0.0564874 0.1131125 0.0000000 0.1357894 0.1232288 0.1854267 0.1712425 0.1500625 0.1508626 0.1098806 0.2029041 0.2329228 0.2094218 0.0684946 0.1584693 0.0234718 0.1578842 0.1980422 0.1959479 0.1487911 0.1742820 0.1340012 0.2034460 0.1485702 0.2512749 0.1479019 0.2713869 0.1611414 0.1725537 0.2159118 0.6656121 
F1                             0.1232274 0.2152551 0.2371328 0.2346352 0.2263494 0.2361965 0.1123016 0.1571116 0.1357894 0.0000000 0.0652802 0.2421258 0.1567183 0.2048190 0.0980477 0.1500103 0.2327297 0.2601070 0.2660323 0.1746211 0.1789092 0.1562074 0.0360023 0.2501862 0.2253971 0.1910615 0.2274663 0.2053708 0.2578830 0.0311018 0.2858003 0.2330707 0.2821185 0.1712141 0.2544751 0.2510009 0.6285989 
F2                             0.1112806 0.1973718 0.2139948 0.2087772 0.2374704 0.2203335 0.1123423 0.1359782 0.1232288 0.0652802 0.0000000 0.2261891 0.1598579 0.1790107 0.0811945 0.1402054 0.2508719 0.2598416 0.2661026 0.1570300 0.1685808 0.1472510 0.0829695 0.2426414 0.2432690 0.1846701 0.2248242 0.1871502 0.2295988 0.0687638 0.2687314 0.2258727 0.2828242 0.1653777 0.2357065 0.2535182 0.6498878 
G                              0.2128094 0.1432956 0.1356446 0.2118351 0.1681016 0.1912507 0.1976039 0.2001092 0.1854267 0.2421258 0.2261891 0.0000000 0.1686632 0.1839550 0.2046094 0.1508575 0.2092147 0.2167285 0.2161768 0.1960146 0.2288654 0.1989993 0.2788838 0.0463038 0.2066364 0.1985197 0.1781654 0.1423650 0.1835789 0.2483090 0.1601401 0.1746102 0.2481065 0.1876739 0.2099564 0.2014817 0.5773972 
H                              0.1809166 0.1345367 0.1545436 0.1820710 0.1703553 0.1948552 0.1732879 0.1449756 0.1712425 0.1567183 0.1598579 0.1686632 0.0000000 0.1561089 0.1779209 0.1188968 0.1834443 0.2165716 0.2022622 0.2031168 0.1741956 0.1935521 0.1790459 0.2025965 0.1767766 0.1656736 0.1792025 0.1327088 0.1872786 0.1676493 0.2108299 0.1783325 0.2440539 0.1484164 0.2127181 0.1967675 0.5602635 
J                              0.1456846 0.1550639 0.1729008 0.2376378 0.2035919 0.2054116 0.1534455 0.1676191 0.1500625 0.2048190 0.1790107 0.1839550 0.1561089 0.0000000 0.1946365 0.1124266 0.2540257 0.2456244 0.2545022 0.1611615 0.1837740 0.1654793 0.2337421 0.2046086 0.2464392 0.2133992 0.2094609 0.1556721 0.2045849 0.2195532 0.2275268 0.2049416 0.2794896 0.1476777 0.2192999 0.2527660 0.7275260 
K                              0.1494786 0.2018406 0.2003162 0.1915828 0.2173963 0.2348331 0.1372544 0.1519982 0.1508626 0.0980477 0.0811945 0.2046094 0.1779209 0.1946365 0.0000000 0.1540905 0.2515696 0.2589232 0.2500204 0.1723839 0.1732770 0.1718278 0.1105698 0.2465810 0.2566877 0.1845803 0.2422461 0.1895351 0.2299167 0.0963015 0.2545723 0.2177179 0.2682194 0.1529401 0.2355068 0.2697639 0.6702781 
L                              0.1156864 0.1253654 0.1416095 0.2013811 0.1443848 0.1577837 0.1031901 0.1331120 0.1098806 0.1500103 0.1402054 0.1508575 0.1188968 0.1124266 0.1540905 0.0000000 0.1786807 0.1968112 0.1743904 0.1351907 0.1503253 0.1286955 0.1699753 0.1532141 0.1720868 0.1758635 0.1597334 0.1391505 0.1706503 0.1593432 0.1988247 0.1431057 0.2241176 0.1318889 0.1609839 0.1809654 0.5558738 
AE                             0.2196733 0.0759302 0.0881917 0.2313298 0.1030264 0.1061093 0.1970304 0.2407181 0.2029041 0.2327297 0.2508719 0.2092147 0.1834443 0.2540257 0.2515696 0.1786807 0.0000000 0.0979921 0.0608859 0.2249953 0.2545269 0.1996408 0.2453025 0.2205720 0.0061319 0.1808677 0.0471142 0.1729993 0.1211309 0.2415573 0.1631683 0.1640228 0.1308439 0.2164344 0.1174160 0.0299906 0.5177912 
AG                             0.2419699 0.0895589 0.0921746 0.1865047 0.1095252 0.0988488 0.2307896 0.2576883 0.2329228 0.2601070 0.2598416 0.2167285 0.2165716 0.2456244 0.2589232 0.1968112 0.0979921 0.0000000 0.0751151 0.2659602 0.2710661 0.2562921 0.2910276 0.2442497 0.1079663 0.1582912 0.0994408 0.1657413 0.1164046 0.2728560 0.0627575 0.1993278 0.0490507 0.1873939 0.0869825 0.0889506 0.5132038 
cpx                            0.2241630 0.0765178 0.0760586 0.2346333 0.0998996 0.0963049 0.2034402 0.2559349 0.2094218 0.2660323 0.2661026 0.2161768 0.2022622 0.2545022 0.2500204 0.1743904 0.0608859 0.0751151 0.0000000 0.2471327 0.2755032 0.2294404 0.2938043 0.2429583 0.0693894 0.2009350 0.0788077 0.1647428 0.1136216 0.2735682 0.1417205 0.1631827 0.1196517 0.2073823 0.1013220 0.0670737 0.5187690 
DF                             0.0979358 0.1606487 0.1750793 0.2203908 0.2029835 0.2051572 0.1001615 0.1395229 0.0684946 0.1746211 0.1570300 0.1960146 0.2031168 0.1611615 0.1723839 0.1351907 0.2249953 0.2659602 0.2471327 0.0000000 0.1664434 0.0878570 0.1898296 0.2041978 0.2177725 0.1732515 0.1985098 0.1592939 0.2224622 0.1930793 0.2748130 0.1729649 0.3161923 0.1619576 0.2129255 0.2536710 0.6540574 
BC                             0.1687774 0.2139499 0.2221741 0.2523914 0.2321953 0.2619698 0.1638818 0.0505929 0.1584693 0.1789092 0.1685808 0.2288654 0.1741956 0.1837740 0.1732770 0.1503253 0.2545269 0.2710661 0.2755032 0.1664434 0.0000000 0.1751352 0.1964374 0.2295832 0.2599016 0.2062273 0.2501929 0.2100851 0.2454920 0.1866970 0.2747873 0.2257417 0.2959142 0.1335819 0.2593017 0.2711188 0.6311319 
CD                             0.0963399 0.1549567 0.1652374 0.2448195 0.1981309 0.1967022 0.0757052 0.1362765 0.0234718 0.1562074 0.1472510 0.1989993 0.1935521 0.1654793 0.1718278 0.1286955 0.1996408 0.2562921 0.2294404 0.0878570 0.1751352 0.0000000 0.1755303 0.2121858 0.1927698 0.1514313 0.1832764 0.1537870 0.2166765 0.1671486 0.2673398 0.1750248 0.2937926 0.1913335 0.1942921 0.2239152 0.6981764 
BF                             0.1185891 0.2195231 0.2527045 0.2254790 0.2418000 0.2634511 0.1137161 0.1668633 0.1578842 0.0360023 0.0829695 0.2788838 0.1790459 0.2337421 0.1105698 0.1699753 0.2453025 0.2910276 0.2938043 0.1898296 0.1964374 0.1755303 0.0000000 0.2807764 0.2377478 0.2219233 0.2399463 0.2299698 0.2663928 0.0288579 0.3093211 0.2506451 0.3147753 0.1888179 0.2730271 0.2558961 0.6383480 
BG                             0.2093627 0.1785391 0.1698975 0.2395767 0.1911331 0.2262074 0.1959526 0.2270891 0.1980422 0.2501862 0.2426414 0.0463038 0.2025965 0.2046086 0.2465810 0.1532141 0.2205720 0.2442497 0.2429583 0.2041978 0.2295832 0.2121858 0.2807764 0.0000000 0.2179371 0.2179520 0.1951806 0.1807269 0.2125306 0.2652528 0.2026382 0.1882231 0.2796990 0.2240457 0.2084201 0.2125290 0.5277889 
01B                            0.2124679 0.0730249 0.0919610 0.2263735 0.1086762 0.1085226 0.1900798 0.2330281 0.1959479 0.2253971 0.2432690 0.2066364 0.1767766 0.2464392 0.2566877 0.1720868 0.0061319 0.1079663 0.0693894 0.2177725 0.2599016 0.1927698 0.2377478 0.2179371 0.0000000 0.1870802 0.0493213 0.1649227 0.1316659 0.2340888 0.1690291 0.1696472 0.1420002 0.2092081 0.1253173 0.0323787 0.5185166 
A2D                            0.1823849 0.1369765 0.1448953 0.1031267 0.1759766 0.1680541 0.1608174 0.2000980 0.1487911 0.1910615 0.1846701 0.1985197 0.1656736 0.2133992 0.1845803 0.1758635 0.1808677 0.1582912 0.2009350 0.1732515 0.2062273 0.1514313 0.2219233 0.2179520 0.1870802 0.0000000 0.1609025 0.1526348 0.1698096 0.1960543 0.1873424 0.2312545 0.1944362 0.1942722 0.2066993 0.2046464 0.5758657 
01A1                           0.1897231 0.0515513 0.0719510 0.2055256 0.0977464 0.0902836 0.1685600 0.2302135 0.1742820 0.2274663 0.2248242 0.1781654 0.1792025 0.2094609 0.2422461 0.1597334 0.0471142 0.0994408 0.0788077 0.1985098 0.2501929 0.1832764 0.2399463 0.1951806 0.0493213 0.1609025 0.0000000 0.1361947 0.1222208 0.2392917 0.1714605 0.1735392 0.1421968 0.2035980 0.1296202 0.0678633 0.5757448 
A5U                            0.1967320 0.0763786 0.0934090 0.1448721 0.1066928 0.1319383 0.1839313 0.1777488 0.1340012 0.2053708 0.1871502 0.1423650 0.1327088 0.1556721 0.1895351 0.1391505 0.1729993 0.1657413 0.1647428 0.1592939 0.2100851 0.1537870 0.2299698 0.1807269 0.1649227 0.1526348 0.1361947 0.0000000 0.1546180 0.2009187 0.1507197 0.1667084 0.1890206 0.1651759 0.1741863 0.1673054 0.5464684 
AD                             0.2336838 0.0808663 0.0524545 0.1898342 0.0890626 0.0813085 0.2235004 0.2216940 0.2034460 0.2578830 0.2295988 0.1835789 0.1872786 0.2045849 0.2299167 0.1706503 0.1211309 0.1164046 0.1136216 0.2224622 0.2454920 0.2166765 0.2663928 0.2125306 0.1316659 0.1698096 0.1222208 0.1546180 0.0000000 0.2442665 0.1748814 0.1554234 0.1318094 0.1883950 0.1510900 0.1454871 0.5702186 
BF1                            0.1282498 0.2187946 0.2307138 0.2028018 0.2365372 0.2503720 0.1172215 0.1614234 0.1485702 0.0311018 0.0687638 0.2483090 0.1676493 0.2195532 0.0963015 0.1593432 0.2415573 0.2728560 0.2735682 0.1930793 0.1866970 0.1671486 0.0288579 0.2652528 0.2340888 0.1960543 0.2392917 0.2009187 0.2442665 0.0000000 0.2901548 0.2316547 0.2953973 0.1772435 0.2639558 0.2470727 0.6228054 
02G                            0.2624265 0.1378840 0.1470266 0.1944922 0.1604249 0.1619643 0.2506426 0.2472814 0.2512749 0.2858003 0.2687314 0.1601401 0.2108299 0.2275268 0.2545723 0.1988247 0.1631683 0.0627575 0.1417205 0.2748130 0.2747873 0.2673398 0.3093211 0.2026382 0.1690291 0.1873424 0.1714605 0.1507197 0.1748814 0.2901548 0.0000000 0.2080674 0.1053213 0.2155439 0.1614896 0.1527962 0.5292480 
A1D                            0.1784341 0.1361122 0.1228806 0.2431133 0.1385188 0.1614174 0.1651521 0.1884701 0.1479019 0.2330707 0.2258727 0.1746102 0.1783325 0.2049416 0.2177179 0.1431057 0.1640228 0.1993278 0.1631827 0.1729649 0.2257417 0.1750248 0.2506451 0.1882231 0.1696472 0.2312545 0.1735392 0.1667084 0.1554234 0.2316547 0.2080674 0.0000000 0.2182710 0.1962127 0.1870822 0.1856420 0.5880831 
02A                            0.2869422 0.1318201 0.1223791 0.2166629 0.1473659 0.1386568 0.2702531 0.2632549 0.2713869 0.2821185 0.2828242 0.2481065 0.2440539 0.2794896 0.2682194 0.2241176 0.1308439 0.0490507 0.1196517 0.3161923 0.2959142 0.2937926 0.3147753 0.2796990 0.1420002 0.1944362 0.1421968 0.1890206 0.1318094 0.2953973 0.1053213 0.2182710 0.0000000 0.2307497 0.1173084 0.1413068 0.5450348 
C2U                            0.1615596 0.1519436 0.1733942 0.2147120 0.1745728 0.1914080 0.1603365 0.0973199 0.1611414 0.1712141 0.1653777 0.1876739 0.1484164 0.1476777 0.1529401 0.1318889 0.2164344 0.1873939 0.2073823 0.1619576 0.1335819 0.1913335 0.1888179 0.2240457 0.2092081 0.1942722 0.2035980 0.1651759 0.1883950 0.1772435 0.2155439 0.1962127 0.2307497 0.0000000 0.2058696 0.2186836 0.6645181 
02B                            0.1803987 0.1079009 0.1184662 0.2437849 0.1250702 0.1352231 0.1629739 0.2409971 0.1725537 0.2544751 0.2357065 0.2099564 0.2127181 0.2192999 0.2355068 0.1609839 0.1174160 0.0869825 0.1013220 0.2129255 0.2593017 0.1942921 0.2730271 0.2084201 0.1253173 0.2066993 0.1296202 0.1741863 0.1510900 0.2639558 0.1614896 0.1870822 0.1173084 0.2058696 0.0000000 0.1124590 0.5401150 
01C                            0.2066359 0.0915671 0.0987739 0.2337353 0.1104136 0.1124127 0.1915570 0.2599649 0.2159118 0.2510009 0.2535182 0.2014817 0.1967675 0.2527660 0.2697639 0.1809654 0.0299906 0.0889506 0.0670737 0.2536710 0.2711188 0.2239152 0.2558961 0.2125290 0.0323787 0.2046464 0.0678633 0.1673054 0.1454871 0.2470727 0.1527962 0.1856420 0.1413068 0.2186836 0.1124590 0.0000000 0.5174121 
CPZ                            0.6392542 0.5715217 0.5628424 0.6228714 0.6180519 0.5963917 0.6185408 0.6612788 0.6656121 0.6285989 0.6498878 0.5773972 0.5602635 0.7275260 0.6702781 0.5558738 0.5177912 0.5132038 0.5187690 0.6540574 0.6311319 0.6981764 0.6383480 0.5277889 0.5185166 0.5758657 0.5757448 0.5464684 0.5702186 0.6228054 0.5292480 0.5880831 0.5450348 0.6645181 0.5401150 0.5174121 0.0000000 
