37
B.FR.83.HXBLAI_IIIB_BRU.K03455 0.0000000 0.1670087 0.1752113 0.2098068 0.1830061 0.2120455 0.0350507 0.1514990 0.1044239 0.1496408 0.1636742 0.1540738 0.1330880 0.1492308 0.1618160 0.1468332 0.1876670 0.1793214 0.1699846 0.1556310 0.1378750 0.1368808 0.1572799 0.1691661 0.1993067 0.1414940 0.1755854 0.2157840 0.2037224 0.1804219 0.1909067 0.2045054 0.2070057 0.1429669 0.1996873 0.1993655 0.4334938 
A                              0.1670087 0.0000000 0.0301787 0.0802612 0.0498197 0.0781438 0.1442283 0.1572333 0.1742901 0.1301489 0.1546483 0.0907933 0.1048019 0.1429458 0.1314898 0.1263096 0.0764180 0.0514890 0.1289413 0.1368390 0.1942277 0.2024615 0.1312651 0.1167585 0.0847276 0.1338744 0.0773709 0.0704771 0.0845901 0.1560953 0.0799344 0.0734362 0.0989975 0.1330267 0.0906906 0.0981894 0.3578500 
A1                             0.1752113 0.0301787 0.0000000 0.0985220 0.0617775 0.0704875 0.1609513 0.1643086 0.1708127 0.1530069 0.1718299 0.0910137 0.1136232 0.1592138 0.1649341 0.1285840 0.0966643 0.0673702 0.1517911 0.1333603 0.2063704 0.2097591 0.1542959 0.1143791 0.1056357 0.1348129 0.0831644 0.0963913 0.0609718 0.1717470 0.0978730 0.0574081 0.1033235 0.1521555 0.1040614 0.1274049 0.3808769 
A2                             0.2098068 0.0802612 0.0985220 0.0000000 0.0987700 0.1317406 0.1925807 0.1866945 0.2184968 0.1596646 0.1583478 0.1397095 0.1426170 0.2125987 0.1531103 0.1392131 0.1676134 0.1369412 0.1618617 0.1824072 0.2234002 0.2377822 0.1609555 0.1514849 0.1787151 0.1342865 0.1446911 0.1157571 0.1529447 0.1913498 0.1477890 0.1438337 0.1620066 0.1651973 0.1644973 0.1911915 0.4370643 
A3                             0.1830061 0.0498197 0.0617775 0.0987700 0.0000000 0.1204942 0.1600714 0.1608963 0.1854098 0.1609038 0.1862281 0.1180990 0.1317134 0.1839294 0.1743659 0.1397428 0.1146720 0.1026112 0.1711533 0.1607899 0.2095494 0.2238027 0.1622375 0.1473179 0.1243346 0.1544488 0.1027453 0.1100711 0.1060390 0.1882216 0.1154895 0.1258541 0.1344032 0.1712776 0.1380883 0.1481856 0.3661941 
A6                             0.2120455 0.0781438 0.0704875 0.1317406 0.1204942 0.0000000 0.1941223 0.1684215 0.2081994 0.1830148 0.2038763 0.1326390 0.1544699 0.1781476 0.1981943 0.1642593 0.1199460 0.1165867 0.1789139 0.1663116 0.2181810 0.2436394 0.1844618 0.1548625 0.1296646 0.1809415 0.1279588 0.1373005 0.1435864 0.2107146 0.1220037 0.1018318 0.0915945 0.1676837 0.1436541 0.1509089 0.3980840 
B                              0.0350507 0.1442283 0.1609513 0.1925807 0.1600714 0.1941223 0.0000000 0.1275422 0.0833967 0.1313661 0.1493586 0.1509660 0.1154875 0.1248344 0.1289005 0.1459300 0.1710041 0.1554044 0.1482255 0.1127411 0.1210057 0.1399481 0.1385911 0.1752082 0.1824545 0.1202840 0.1658941 0.1842582 0.1821120 0.1539820 0.1645819 0.1968755 0.1753930 0.1252653 0.1793398 0.1792617 0.3740450 
C                              0.1514990 0.1572333 0.1643086 0.1866945 0.1608963 0.1684215 0.1275422 0.0000000 0.1270429 0.1404940 0.1581785 0.1705301 0.1351645 0.1275034 0.1425352 0.1285930 0.1929390 0.1862044 0.1671655 0.1474296 0.0523588 0.1541628 0.1412871 0.1907949 0.2050380 0.1615717 0.1734552 0.1746495 0.1852393 0.1606353 0.2082241 0.2030760 0.1987230 0.1040677 0.2067132 0.2225254 0.4020161 
D                              0.1044239 0.1742901 0.1708127 0.2184968 0.1854098 0.2081994 0.0833967 0.1270429 0.0000000 0.1369426 0.1430204 0.1590416 0.1221672 0.1602940 0.1387342 0.1489457 0.2010139 0.1794896 0.1821249 0.1008805 0.1610893 0.0534545 0.1317029 0.1809606 0.2132091 0.0988563 0.1820827 0.2064310 0.1784180 0.1479027 0.2061030 0.1958873 0.1940226 0.1403392 0.2075321 0.2103962 0.3998909 
F1                             0.1496408 0.1301489 0.1530069 0.1596646 0.1609038 0.1830148 0.1313661 0.1404940 0.1369426 0.0000000 0.0521133 0.1513649 0.0896432 0.1073986 0.0854968 0.1322103 0.1804913 0.1617886 0.1286937 0.1120997 0.1795200 0.1633030 0.0102226 0.1705579 0.1850672 0.1483337 0.1631306 0.1615038 0.1716624 0.0350540 0.1979549 0.1924901 0.1974596 0.1399541 0.2057468 0.2127488 0.4359938 
F2                             0.1636742 0.1546483 0.1718299 0.1583478 0.1862281 0.2038763 0.1493586 0.1581785 0.1430204 0.0521133 0.0000000 0.1726639 0.1139317 0.1443294 0.1159817 0.1435672 0.2105657 0.1979505 0.1508758 0.1299305 0.1885294 0.1902633 0.0646561 0.1869443 0.2158294 0.1791299 0.1909614 0.1911651 0.1917161 0.0793606 0.2262521 0.2075641 0.2368291 0.1416901 0.2355994 0.2401153 0.4996243 
G                              0.1540738 0.0907933 0.0910137 0.1397095 0.1180990 0.1326390 0.1509660 0.1705301 0.1590416 0.1513649 0.1726639 0.0000000 0.1414736 0.1437402 0.1798224 0.1305166 0.0921106 0.1092001 0.1385883 0.1457316 0.2115294 0.1884828 0.1590059 0.0451684 0.1009780 0.1195856 0.0832498 0.1338889 0.1150902 0.1910569 0.1329228 0.1409663 0.1527532 0.1546462 0.1440030 0.1180876 0.3388392 
H                              0.1330880 0.1048019 0.1136232 0.1426170 0.1317134 0.1544699 0.1154875 0.1351645 0.1221672 0.0896432 0.1139317 0.1414736 0.0000000 0.1060766 0.0896516 0.0828999 0.1616869 0.1402442 0.0953857 0.0942156 0.1770500 0.1640533 0.0943363 0.1487306 0.1727220 0.1228821 0.1486668 0.1601902 0.1565654 0.1038972 0.1652307 0.1481874 0.1773435 0.1199674 0.1898991 0.1867544 0.4054377 
J                              0.1492308 0.1429458 0.1592138 0.2125987 0.1839294 0.1781476 0.1248344 0.1275034 0.1602940 0.1073986 0.1443294 0.1437402 0.1060766 0.0000000 0.0802784 0.1268534 0.1501307 0.1816038 0.1255950 0.1310519 0.1635344 0.1803985 0.1080856 0.1674053 0.1608775 0.1827073 0.1404054 0.1825894 0.1837463 0.1328527 0.2107004 0.1939759 0.1933633 0.1270829 0.2335089 0.1905504 0.4319724 
K                              0.1618160 0.1314898 0.1649341 0.1531103 0.1743659 0.1981943 0.1289005 0.1425352 0.1387342 0.0854968 0.1159817 0.1798224 0.0896516 0.0802784 0.0000000 0.1351942 0.1631485 0.1688015 0.1207755 0.1093006 0.1846019 0.1679127 0.0883146 0.1797785 0.1747157 0.1491490 0.1513026 0.1587947 0.2188394 0.1179873 0.2070340 0.2017164 0.2162393 0.1432785 0.2095548 0.1951197 0.4817898 
L                              0.1468332 0.1263096 0.1285840 0.1392131 0.1397428 0.1642593 0.1459300 0.1285930 0.1489457 0.1322103 0.1435672 0.1305166 0.0828999 0.1268534 0.1351942 0.0000000 0.1659347 0.1672270 0.1637620 0.1308311 0.1625519 0.1763207 0.1329911 0.1529018 0.1772456 0.1481899 0.1477441 0.1777197 0.1583256 0.1463797 0.1791922 0.1648969 0.1908912 0.1196196 0.1884858 0.2006833 0.4050068 
AE                             0.1876670 0.0764180 0.0966643 0.1676134 0.1146720 0.1199460 0.1710041 0.1929390 0.2010139 0.1804913 0.2105657 0.0921106 0.1616869 0.1501307 0.1631485 0.1659347 0.0000000 0.0881677 0.1394460 0.1636617 0.2121059 0.2307005 0.1889032 0.1245862 0.0061550 0.1625872 0.0427178 0.1384405 0.1459200 0.2279375 0.1140133 0.1473751 0.1324621 0.1808358 0.1329010 0.0378228 0.3802305 
AG                             0.1793214 0.0514890 0.0673702 0.1369412 0.1026112 0.1165867 0.1554044 0.1862044 0.1794896 0.1617886 0.1979505 0.1092001 0.1402442 0.1816038 0.1688015 0.1672270 0.0881677 0.0000000 0.1611277 0.1609618 0.2096219 0.2014839 0.1586688 0.1379445 0.0913696 0.1368346 0.0925240 0.1176484 0.1160239 0.1861552 0.0301957 0.1117756 0.0782365 0.1599460 0.0468072 0.0955756 0.4095339 
cpx                            0.1699846 0.1289413 0.1517911 0.1618617 0.1711533 0.1789139 0.1482255 0.1671655 0.1821249 0.1286937 0.1508758 0.1385883 0.0953857 0.1255950 0.1207755 0.1637620 0.1394460 0.1611277 0.0000000 0.1320627 0.1997233 0.2156110 0.1321632 0.1594804 0.1498024 0.1747738 0.1430726 0.1703463 0.1893906 0.1597828 0.1938523 0.1836312 0.2105078 0.1517432 0.1915400 0.1501936 0.4462313 
DF                             0.1556310 0.1368390 0.1333603 0.1824072 0.1607899 0.1663116 0.1127411 0.1474296 0.1008805 0.1120997 0.1299305 0.1457316 0.0942156 0.1310519 0.1093006 0.1308311 0.1636617 0.1609618 0.1320627 0.0000000 0.1954439 0.1463283 0.1153089 0.1592370 0.1748299 0.1346205 0.1470612 0.1676093 0.1722352 0.1339490 0.1863904 0.1824699 0.1871142 0.1609744 0.1865025 0.1791142 0.3598113 
BC                             0.1378750 0.1942277 0.2063704 0.2234002 0.2095494 0.2181810 0.1210057 0.0523588 0.1610893 0.1795200 0.1885294 0.2115294 0.1770500 0.1635344 0.1846019 0.1625519 0.2121059 0.2096219 0.1997233 0.1954439 0.0000000 0.1792961 0.1804121 0.2378146 0.2249534 0.2007541 0.2034598 0.2354506 0.2262852 0.1950205 0.2366849 0.2343424 0.2301253 0.1230849 0.2358466 0.2384748 0.4369901 
CD                             0.1368808 0.2024615 0.2097591 0.2377822 0.2238027 0.2436394 0.1399481 0.1541628 0.0534545 0.1633030 0.1902633 0.1884828 0.1640533 0.1803985 0.1679127 0.1763207 0.2307005 0.2014839 0.2156110 0.1463283 0.1792961 0.0000000 0.1576275 0.2110383 0.2434340 0.1374406 0.2036007 0.2131502 0.2170250 0.1857724 0.2343245 0.2381026 0.2374466 0.1879715 0.2363415 0.2334652 0.4218523 
BF                             0.1572799 0.1312651 0.1542959 0.1609555 0.1622375 0.1844618 0.1385911 0.1412871 0.1317029 0.0102226 0.0646561 0.1590059 0.0943363 0.1080856 0.0883146 0.1329911 0.1889032 0.1586688 0.1321632 0.1153089 0.1804121 0.1576275 0.0000000 0.1786704 0.1935967 0.1491462 0.1711725 0.1584071 0.1730122 0.0282237 0.1947174 0.2011812 0.1990098 0.1407565 0.2056350 0.2218162 0.4549568 
BG                             0.1691661 0.1167585 0.1143791 0.1514849 0.1473179 0.1548625 0.1752082 0.1907949 0.1809606 0.1705579 0.1869443 0.0451684 0.1487306 0.1674053 0.1797785 0.1529018 0.1245862 0.1379445 0.1594804 0.1592370 0.2378146 0.2110383 0.1786704 0.0000000 0.1345868 0.1468422 0.1145463 0.1689824 0.1528064 0.2032825 0.1668433 0.1758948 0.1722386 0.2001493 0.1794817 0.1616648 0.3943794 
01B                            0.1993067 0.0847276 0.1056357 0.1787151 0.1243346 0.1296646 0.1824545 0.2050380 0.2132091 0.1850672 0.2158294 0.1009780 0.1727220 0.1608775 0.1747157 0.1772456 0.0061550 0.0913696 0.1498024 0.1748299 0.2249534 0.2434340 0.1935967 0.1345868 0.0000000 0.1736844 0.0501275 0.1487254 0.1498344 0.2333200 0.1175999 0.1578922 0.1354771 0.1928066 0.1367611 0.0450991 0.3999101 
A2D                            0.1414940 0.1338744 0.1348129 0.1342865 0.1544488 0.1809415 0.1202840 0.1615717 0.0988563 0.1483337 0.1791299 0.1195856 0.1228821 0.1827073 0.1491490 0.1481899 0.1625872 0.1368346 0.1747738 0.1346205 0.2007541 0.1374406 0.1491462 0.1468422 0.1736844 0.0000000 0.1337856 0.1563669 0.1549199 0.1854984 0.1548421 0.1714669 0.1608986 0.1570327 0.1707528 0.1704523 0.3475489 
01A1                           0.1755854 0.0773709 0.0831644 0.1446911 0.1027453 0.1279588 0.1658941 0.1734552 0.1820827 0.1631306 0.1909614 0.0832498 0.1486668 0.1404054 0.1513026 0.1477441 0.0427178 0.0925240 0.1430726 0.1470612 0.2034598 0.2036007 0.1711725 0.1145463 0.0501275 0.1337856 0.0000000 0.1243193 0.1354030 0.2009946 0.1162996 0.1450371 0.1439103 0.1901791 0.1338895 0.0690539 0.3462647 
A5U                            0.2157840 0.0704771 0.0963913 0.1157571 0.1100711 0.1373005 0.1842582 0.1746495 0.2064310 0.1615038 0.1911651 0.1338889 0.1601902 0.1825894 0.1587947 0.1777197 0.1384405 0.1176484 0.1703463 0.1676093 0.2354506 0.2131502 0.1584071 0.1689824 0.1487254 0.1563669 0.1243193 0.0000000 0.1550532 0.1897296 0.1389585 0.1495584 0.1533078 0.1947890 0.1612618 0.1503980 0.3590896 
AD                             0.2037224 0.0845901 0.0609718 0.1529447 0.1060390 0.1435864 0.1821120 0.1852393 0.1784180 0.1716624 0.1917161 0.1150902 0.1565654 0.1837463 0.2188394 0.1583256 0.1459200 0.1160239 0.1893906 0.1722352 0.2262852 0.2170250 0.1730122 0.1528064 0.1498344 0.1549199 0.1354030 0.1550532 0.0000000 0.1908427 0.1417831 0.1013492 0.1637037 0.1822748 0.1556840 0.1821366 0.4292113 
BF1                            0.1804219 0.1560953 0.1717470 0.1913498 0.1882216 0.2107146 0.1539820 0.1606353 0.1479027 0.0350540 0.0793606 0.1910569 0.1038972 0.1328527 0.1179873 0.1463797 0.2279375 0.1861552 0.1597828 0.1339490 0.1950205 0.1857724 0.0282237 0.2032825 0.2333200 0.1854984 0.2009946 0.1897296 0.1908427 0.0000000 0.2167504 0.2212984 0.2251145 0.1577605 0.2297309 0.2648855 0.4805578 
02G                            0.1909067 0.0799344 0.0978730 0.1477890 0.1154895 0.1220037 0.1645819 0.2082241 0.2061030 0.1979549 0.2262521 0.1329228 0.1652307 0.2107004 0.2070340 0.1791922 0.1140133 0.0301957 0.1938523 0.1863904 0.2366849 0.2343245 0.1947174 0.1668433 0.1175999 0.1548421 0.1162996 0.1389585 0.1417831 0.2167504 0.0000000 0.1391442 0.1019960 0.1905245 0.0347297 0.1266430 0.3891696 
A1D                            0.2045054 0.0734362 0.0574081 0.1438337 0.1258541 0.1018318 0.1968755 0.2030760 0.1958873 0.1924901 0.2075641 0.1409663 0.1481874 0.1939759 0.2017164 0.1648969 0.1473751 0.1117756 0.1836312 0.1824699 0.2343424 0.2381026 0.2011812 0.1758948 0.1578922 0.1714669 0.1450371 0.1495584 0.1013492 0.2212984 0.1391442 0.0000000 0.1391515 0.1536393 0.1466297 0.1711235 0.4774471 
02A                            0.2070057 0.0989975 0.1033235 0.1620066 0.1344032 0.0915945 0.1753930 0.1987230 0.1940226 0.1974596 0.2368291 0.1527532 0.1773435 0.1933633 0.2162393 0.1908912 0.1324621 0.0782365 0.2105078 0.1871142 0.2301253 0.2374466 0.1990098 0.1722386 0.1354771 0.1608986 0.1439103 0.1533078 0.1637037 0.2251145 0.1019960 0.1391515 0.0000000 0.1810456 0.1258995 0.1440893 0.3946420 
C2U                            0.1429669 0.1330267 0.1521555 0.1651973 0.1712776 0.1676837 0.1252653 0.1040677 0.1403392 0.1399541 0.1416901 0.1546462 0.1199674 0.1270829 0.1432785 0.1196196 0.1808358 0.1599460 0.1517432 0.1609744 0.1230849 0.1879715 0.1407565 0.2001493 0.1928066 0.1570327 0.1901791 0.1947890 0.1822748 0.1577605 0.1905245 0.1536393 0.1810456 0.0000000 0.1864655 0.2021169 0.4838839 
02B                            0.1996873 0.0906906 0.1040614 0.1644973 0.1380883 0.1436541 0.1793398 0.2067132 0.2075321 0.2057468 0.2355994 0.1440030 0.1898991 0.2335089 0.2095548 0.1884858 0.1329010 0.0468072 0.1915400 0.1865025 0.2358466 0.2363415 0.2056350 0.1794817 0.1367611 0.1707528 0.1338895 0.1612618 0.1556840 0.2297309 0.0347297 0.1466297 0.1258995 0.1864655 0.0000000 0.1377558 0.4341351 
01C                            0.1993655 0.0981894 0.1274049 0.1911915 0.1481856 0.1509089 0.1792617 0.2225254 0.2103962 0.2127488 0.2401153 0.1180876 0.1867544 0.1905504 0.1951197 0.2006833 0.0378228 0.0955756 0.1501936 0.1791142 0.2384748 0.2334652 0.2218162 0.1616648 0.0450991 0.1704523 0.0690539 0.1503980 0.1821366 0.2648855 0.1266430 0.1711235 0.1440893 0.2021169 0.1377558 0.0000000 0.3772735 
CPZ                            0.4334938 0.3578500 0.3808769 0.4370643 0.3661941 0.3980840 0.3740450 0.4020161 0.3998909 0.4359938 0.4996243 0.3388392 0.4054377 0.4319724 0.4817898 0.4050068 0.3802305 0.4095339 0.4462313 0.3598113 0.4369901 0.4218523 0.4549568 0.3943794 0.3999101 0.3475489 0.3462647 0.3590896 0.4292113 0.4805578 0.3891696 0.4774471 0.3946420 0.4838839 0.4341351 0.3772735 0.0000000 
