37
B.FR.83.HXBLAI_IIIB_BRU.K03455 0.0000000 0.1390372 0.1686614 0.1538137 0.1929850 0.1699943 0.0232963 0.1202042 0.0785415 0.1481799 0.1241393 0.1954286 0.1373995 0.1694387 0.1235502 0.1299930 0.1732762 0.1402172 0.1733009 0.0801388 0.1420803 0.1231540 0.0641497 0.1988725 0.1662166 0.1583134 0.1647952 0.1562582 0.1474822 0.0722788 0.1447084 0.2177901 0.1738833 0.1480298 0.0935173 0.1780145 0.4157093 
A                              0.1390372 0.0000000 0.0309769 0.0964046 0.0463205 0.0506247 0.1141092 0.1500136 0.1271436 0.1408352 0.1032563 0.1351449 0.1442012 0.1614761 0.1322820 0.1391136 0.0582797 0.0331568 0.1752640 0.1342086 0.1665316 0.1465509 0.1614475 0.1650571 0.0531802 0.0999398 0.0332369 0.0931884 0.0732329 0.1648910 0.0429466 0.0788797 0.0706411 0.1720901 0.1109510 0.0776340 0.4937804 
A1                             0.1686614 0.0309769 0.0000000 0.1024740 0.0463395 0.0665737 0.1419568 0.1452833 0.1611341 0.1483000 0.1300860 0.1613204 0.1745601 0.1457884 0.1310892 0.1354147 0.0694548 0.0531933 0.1580694 0.1558124 0.1682905 0.1526740 0.1939697 0.1841056 0.0641361 0.1060978 0.0457189 0.1090949 0.0684827 0.2054002 0.0638734 0.0500221 0.0881700 0.1755043 0.1387203 0.0840033 0.5108433 
A2                             0.1538137 0.0964046 0.1024740 0.0000000 0.1243296 0.1197931 0.1285206 0.1057832 0.1314980 0.1153773 0.1173494 0.1445512 0.1226023 0.1437438 0.1122626 0.1133261 0.1047053 0.0934562 0.1264647 0.1396396 0.1132969 0.1261386 0.1529118 0.1662542 0.0988283 0.0147531 0.1143526 0.1068761 0.1292054 0.1660761 0.0998728 0.1478303 0.1293346 0.1263014 0.1491651 0.1016713 0.4608692 
A3                             0.1929850 0.0463205 0.0463395 0.1243296 0.0000000 0.0851790 0.1643446 0.1906303 0.1829571 0.1772437 0.1481902 0.1869193 0.1925437 0.1765645 0.1436469 0.1792285 0.0817902 0.0703086 0.1723008 0.1693536 0.2250177 0.1894334 0.2079617 0.2019032 0.0762016 0.1307364 0.0680255 0.1194782 0.1248229 0.2332098 0.0818765 0.1045725 0.1073471 0.2182631 0.1761231 0.1032940 0.5881597 
A6                             0.1699943 0.0506247 0.0665737 0.1197931 0.0851790 0.0000000 0.1447756 0.1678101 0.1603766 0.1608059 0.1218437 0.1572113 0.1790567 0.1796622 0.1422739 0.1458720 0.0923417 0.0526687 0.2133946 0.1861195 0.1991492 0.1643594 0.1970011 0.1792274 0.0866410 0.1236251 0.0669348 0.1056877 0.1017905 0.2080001 0.0632415 0.1028872 0.0236173 0.1837332 0.1488321 0.1143919 0.5107356 
B                              0.0232963 0.1141092 0.1419568 0.1285206 0.1643446 0.1447756 0.0000000 0.0978049 0.0588227 0.1298689 0.1003166 0.1572980 0.1139069 0.1547721 0.0998961 0.1303010 0.1474211 0.1027874 0.1455633 0.0661910 0.1181905 0.1063584 0.0559766 0.1649231 0.1406487 0.1326520 0.1314369 0.1367594 0.1166505 0.0692488 0.1067154 0.2001982 0.1485057 0.1366936 0.0754807 0.1439706 0.4290689 
C                              0.1202042 0.1500136 0.1452833 0.1057832 0.1906303 0.1678101 0.0978049 0.0000000 0.1124950 0.1378157 0.1160524 0.1510594 0.1078012 0.1232825 0.1157468 0.1097835 0.1636187 0.1235671 0.1491931 0.1105357 0.0285619 0.0569287 0.1476980 0.1742147 0.1565973 0.1160545 0.1788814 0.1520320 0.1461681 0.1534609 0.1211189 0.1820558 0.1693173 0.0750895 0.1528270 0.1707154 0.5288062 
D                              0.0785415 0.1271436 0.1611341 0.1314980 0.1829571 0.1603766 0.0588227 0.1124950 0.0000000 0.1451250 0.0944861 0.1639360 0.1406029 0.1531393 0.1307811 0.1485070 0.1713502 0.1146076 0.1590256 0.0632208 0.1351662 0.0816484 0.1055491 0.1976550 0.1638403 0.1281266 0.1587767 0.1680303 0.1324912 0.1150253 0.1195659 0.2164849 0.1729810 0.1457997 0.1126885 0.1675837 0.4603361 
F1                             0.1481799 0.1408352 0.1483000 0.1153773 0.1772437 0.1608059 0.1298689 0.1378157 0.1451250 0.0000000 0.0885587 0.1431749 0.1179371 0.1759668 0.1005778 0.1313811 0.1656054 0.1272463 0.1156257 0.1477661 0.1605028 0.1533851 0.0830783 0.1538211 0.1583262 0.1146598 0.1543645 0.1432435 0.1744989 0.0900272 0.1317044 0.2173147 0.1664745 0.1535447 0.1327601 0.1514762 0.5870214 
F2                             0.1241393 0.1032563 0.1300860 0.1173494 0.1481902 0.1218437 0.1003166 0.1160524 0.0944861 0.0885587 0.0000000 0.0930293 0.1123354 0.1265420 0.0909782 0.1074499 0.1299786 0.0924851 0.1111745 0.1034153 0.1508733 0.0996547 0.1236719 0.1252147 0.1234340 0.1142695 0.1157944 0.1292458 0.1372594 0.1195097 0.0990455 0.1775819 0.1282988 0.1199306 0.1075233 0.1268390 0.4350124 
G                              0.1954286 0.1351449 0.1613204 0.1445512 0.1869193 0.1572113 0.1572980 0.1510594 0.1639360 0.1431749 0.0930293 0.0000000 0.1032164 0.1227628 0.1333168 0.1545666 0.1602904 0.1230988 0.1716311 0.1722166 0.1869294 0.1478820 0.1779110 0.0433553 0.1530816 0.1333906 0.1424733 0.1489165 0.1736037 0.1723383 0.1230988 0.2235288 0.1652920 0.1658187 0.1624346 0.1439154 0.4633810 
H                              0.1373995 0.1442012 0.1745601 0.1226023 0.1925437 0.1790567 0.1139069 0.1078012 0.1406029 0.1179371 0.1123354 0.1032164 0.0000000 0.1417509 0.1254329 0.1241630 0.1603064 0.1307660 0.1532286 0.1383592 0.1272440 0.1241475 0.1273442 0.1199409 0.1532857 0.1188595 0.1730832 0.1475121 0.1707487 0.1256400 0.1351718 0.2415335 0.1815912 0.1361649 0.1534363 0.1478419 0.4934885 
J                              0.1694387 0.1614761 0.1457884 0.1437438 0.1765645 0.1796622 0.1547721 0.1232825 0.1531393 0.1759668 0.1265420 0.1227628 0.1417509 0.0000000 0.1446576 0.1003366 0.1725885 0.1412030 0.1724140 0.1394455 0.1548807 0.1344632 0.2052858 0.1497932 0.1650609 0.1475782 0.1764618 0.1666549 0.1663368 0.2101969 0.1489636 0.1861746 0.1847289 0.1619736 0.1672726 0.1552782 0.4809126 
K                              0.1235502 0.1322820 0.1310892 0.1122626 0.1436469 0.1422739 0.0998961 0.1157468 0.1307811 0.1005778 0.0909782 0.1333168 0.1254329 0.1446576 0.0000000 0.1256982 0.1487709 0.1267688 0.0747558 0.1191830 0.1455991 0.1200366 0.1274330 0.1433084 0.1419082 0.1161748 0.1382001 0.1426374 0.1567180 0.1543696 0.1379714 0.1880559 0.1367345 0.1435881 0.1390883 0.1357795 0.4537281 
L                              0.1299930 0.1391136 0.1354147 0.1133261 0.1792285 0.1458720 0.1303010 0.1097835 0.1485070 0.1313811 0.1074499 0.1545666 0.1241630 0.1003366 0.1256982 0.0000000 0.1677103 0.1303553 0.1495062 0.1358532 0.1461170 0.1195590 0.1758105 0.1751713 0.1606508 0.1238913 0.1437802 0.1335074 0.1560307 0.1740360 0.1378537 0.1606096 0.1503840 0.1057375 0.1561404 0.1641618 0.4909575 
AE                             0.1732762 0.0582797 0.0694548 0.1047053 0.0817902 0.0923417 0.1474211 0.1636187 0.1713502 0.1656054 0.1299786 0.1602904 0.1603064 0.1725885 0.1487709 0.1677103 0.0000000 0.0718105 0.1570839 0.1663024 0.1754827 0.1553819 0.1918062 0.1752143 0.0040568 0.1145023 0.0689280 0.1324945 0.1111768 0.2111387 0.0776361 0.1066886 0.1101915 0.1796401 0.1512464 0.0480427 0.5468294 
AG                             0.1402172 0.0331568 0.0531933 0.0934562 0.0703086 0.0526687 0.1027874 0.1235671 0.1146076 0.1272463 0.0924851 0.1230988 0.1307660 0.1412030 0.1267688 0.1303553 0.0718105 0.0000000 0.1611857 0.1329135 0.1483508 0.1202877 0.1475257 0.1511975 0.0664721 0.0969626 0.0586535 0.0938617 0.0697561 0.1583014 0.0124394 0.0937585 0.0726974 0.1597456 0.0834246 0.0864422 0.4854279 
cpx                            0.1733009 0.1752640 0.1580694 0.1264647 0.1723008 0.2133946 0.1455633 0.1491931 0.1590256 0.1156257 0.1111745 0.1716311 0.1532286 0.1724140 0.0747558 0.1495062 0.1570839 0.1611857 0.0000000 0.1540439 0.1602626 0.1612456 0.1446327 0.1748694 0.1500466 0.1263098 0.1833415 0.1880578 0.1740398 0.1739756 0.1744473 0.2069925 0.1976283 0.1700841 0.1652334 0.1513896 0.4489585 
DF                             0.0801388 0.1342086 0.1558124 0.1396396 0.1693536 0.1861195 0.0661910 0.1105357 0.0632208 0.1477661 0.1034153 0.1722166 0.1383592 0.1394455 0.1191830 0.1358532 0.1663024 0.1329135 0.1540439 0.0000000 0.1188614 0.1026363 0.1110734 0.1906806 0.1591366 0.1440581 0.1544848 0.1582615 0.1428568 0.1141169 0.1381216 0.2091655 0.1912126 0.1328704 0.1192451 0.1635681 0.4100463 
BC                             0.1420803 0.1665316 0.1682905 0.1132969 0.2250177 0.1991492 0.1181905 0.0285619 0.1351662 0.1605028 0.1508733 0.1869294 0.1272440 0.1548807 0.1455991 0.1461170 0.1754827 0.1483508 0.1602626 0.1188614 0.0000000 0.0825902 0.1708905 0.2034822 0.1683450 0.1239077 0.1962022 0.1726631 0.1548240 0.1692296 0.1434337 0.1994475 0.1846589 0.1113492 0.1648651 0.1878212 0.5252570 
CD                             0.1231540 0.1465509 0.1526740 0.1261386 0.1894334 0.1643594 0.1063584 0.0569287 0.0816484 0.1533851 0.0996547 0.1478820 0.1241475 0.1344632 0.1200366 0.1195590 0.1553819 0.1202877 0.1612456 0.1026363 0.0825902 0.0000000 0.1702409 0.1704017 0.1484656 0.1229526 0.1753185 0.1415126 0.1534256 0.1736312 0.1136891 0.1945357 0.1635171 0.1042471 0.1566401 0.1671803 0.4574161 
BF                             0.0641497 0.1614475 0.1939697 0.1529118 0.2079617 0.1970011 0.0559766 0.1476980 0.1055491 0.0830783 0.1236719 0.1779110 0.1273442 0.2052858 0.1274330 0.1758105 0.1918062 0.1475257 0.1446327 0.1110734 0.1708905 0.1702409 0.0000000 0.1980971 0.1841570 0.1519646 0.1817874 0.1752448 0.1550446 0.0190281 0.1523519 0.2348165 0.1980153 0.1804840 0.1043939 0.1723401 0.4899918 
BG                             0.1988725 0.1650571 0.1841056 0.1662542 0.2019032 0.1792274 0.1649231 0.1742147 0.1976550 0.1538211 0.1252147 0.0433553 0.1199409 0.1497932 0.1433084 0.1751713 0.1752143 0.1511975 0.1748694 0.1906806 0.2034822 0.1704017 0.1980971 0.0000000 0.1678373 0.1627408 0.1614201 0.1685420 0.1889803 0.1849621 0.1511975 0.2170856 0.1804370 0.1968811 0.1700687 0.1573595 0.5092414 
01B                            0.1662166 0.0531802 0.0641361 0.0988283 0.0762016 0.0866410 0.1406487 0.1565973 0.1638403 0.1583262 0.1234340 0.1530816 0.1532857 0.1650609 0.1419082 0.1606508 0.0040568 0.0664721 0.1500466 0.1591366 0.1683450 0.1484656 0.1841570 0.1678373 0.0000000 0.1084706 0.0636509 0.1261101 0.1051885 0.2034033 0.0721867 0.1068209 0.1103291 0.1722716 0.1443948 0.0480979 0.5348424 
A2D                            0.1583134 0.0999398 0.1060978 0.0147531 0.1307364 0.1236251 0.1326520 0.1160545 0.1281266 0.1146598 0.1142695 0.1333906 0.1188595 0.1475782 0.1161748 0.1238913 0.1145023 0.0969626 0.1263098 0.1440581 0.1239077 0.1229526 0.1519646 0.1627408 0.1084706 0.0000000 0.1181321 0.1062397 0.1332555 0.1544761 0.0969626 0.1445940 0.1357400 0.1298894 0.1457867 0.1113930 0.4502356 
01A1                           0.1647952 0.0332369 0.0457189 0.1143526 0.0680255 0.0669348 0.1314369 0.1788814 0.1587767 0.1543645 0.1157944 0.1424733 0.1730832 0.1764618 0.1382001 0.1437802 0.0689280 0.0586535 0.1833415 0.1544848 0.1962022 0.1753185 0.1817874 0.1614201 0.0636509 0.1181321 0.0000000 0.1104708 0.0878361 0.1931348 0.0696326 0.0910768 0.0887664 0.1889924 0.1301280 0.0890762 0.4777637 
A5U                            0.1562582 0.0931884 0.1090949 0.1068761 0.1194782 0.1056877 0.1367594 0.1520320 0.1680303 0.1432435 0.1292458 0.1489165 0.1475121 0.1666549 0.1426374 0.1335074 0.1324945 0.0938617 0.1880578 0.1582615 0.1726631 0.1415126 0.1752448 0.1685420 0.1261101 0.1062397 0.1104708 0.0000000 0.1607382 0.1859890 0.0998825 0.1675786 0.1128905 0.1476789 0.1682215 0.1432006 0.5586251 
AD                             0.1474822 0.0732329 0.0684827 0.1292054 0.1248229 0.1017905 0.1166505 0.1461681 0.1324912 0.1744989 0.1372594 0.1736037 0.1707487 0.1663368 0.1567180 0.1560307 0.1111768 0.0697561 0.1740398 0.1428568 0.1548240 0.1534256 0.1550446 0.1889803 0.1051885 0.1332555 0.0878361 0.1607382 0.0000000 0.1583345 0.0812282 0.0814613 0.1083434 0.1758106 0.0987640 0.1280431 0.5010033 
BF1                            0.0722788 0.1648910 0.2054002 0.1660761 0.2332098 0.2080001 0.0692488 0.1534609 0.1150253 0.0900272 0.1195097 0.1723383 0.1256400 0.2101969 0.1543696 0.1740360 0.2111387 0.1583014 0.1739756 0.1141169 0.1692296 0.1736312 0.0190281 0.1849621 0.2034033 0.1544761 0.1931348 0.1859890 0.1583345 0.0000000 0.1632425 0.2467200 0.2133703 0.1786387 0.1076018 0.1914575 0.5000140 
02G                            0.1447084 0.0429466 0.0638734 0.0998728 0.0818765 0.0632415 0.1067154 0.1211189 0.1195659 0.1317044 0.0990455 0.1230988 0.1351718 0.1489636 0.1379714 0.1378537 0.0776361 0.0124394 0.1744473 0.1381216 0.1434337 0.1136891 0.1523519 0.1511975 0.0721867 0.0969626 0.0696326 0.0998825 0.0812282 0.1632425 0.0000000 0.1063139 0.0726974 0.1490995 0.0830631 0.0926358 0.4854279 
A1D                            0.2177901 0.0788797 0.0500221 0.1478303 0.1045725 0.1028872 0.2001982 0.1820558 0.2164849 0.2173147 0.1775819 0.2235288 0.2415335 0.1861746 0.1880559 0.1606096 0.1066886 0.0937585 0.2069925 0.2091655 0.1994475 0.1945357 0.2348165 0.2170856 0.1068209 0.1445940 0.0910768 0.1675786 0.0814613 0.2467200 0.1063139 0.0000000 0.1218032 0.2206447 0.1890670 0.1295160 0.5535610 
02A                            0.1738833 0.0706411 0.0881700 0.1293346 0.1073471 0.0236173 0.1485057 0.1693173 0.1729810 0.1664745 0.1282988 0.1652920 0.1815912 0.1847289 0.1367345 0.1503840 0.1101915 0.0726974 0.1976283 0.1912126 0.1846589 0.1635171 0.1980153 0.1804370 0.1103291 0.1357400 0.0887664 0.1128905 0.1083434 0.2133703 0.0726974 0.1218032 0.0000000 0.1853841 0.1551672 0.1267921 0.4963465 
C2U                            0.1480298 0.1720901 0.1755043 0.1263014 0.2182631 0.1837332 0.1366936 0.0750895 0.1457997 0.1535447 0.1199306 0.1658187 0.1361649 0.1619736 0.1435881 0.1057375 0.1796401 0.1597456 0.1700841 0.1328704 0.1113492 0.1042471 0.1804840 0.1968811 0.1722716 0.1298894 0.1889924 0.1476789 0.1758106 0.1786387 0.1490995 0.2206447 0.1853841 0.0000000 0.1578716 0.1881889 0.5123838 
02B                            0.0935173 0.1109510 0.1387203 0.1491651 0.1761231 0.1488321 0.0754807 0.1528270 0.1126885 0.1327601 0.1075233 0.1624346 0.1534363 0.1672726 0.1390883 0.1561404 0.1512464 0.0834246 0.1652334 0.1192451 0.1648651 0.1566401 0.1043939 0.1700687 0.1443948 0.1457867 0.1301280 0.1682215 0.0987640 0.1076018 0.0830631 0.1890670 0.1551672 0.1578716 0.0000000 0.1382241 0.5402602 
01C                            0.1780145 0.0776340 0.0840033 0.1016713 0.1032940 0.1143919 0.1439706 0.1707154 0.1675837 0.1514762 0.1268390 0.1439154 0.1478419 0.1552782 0.1357795 0.1641618 0.0480427 0.0864422 0.1513896 0.1635681 0.1878212 0.1671803 0.1723401 0.1573595 0.0480979 0.1113930 0.0890762 0.1432006 0.1280431 0.1914575 0.0926358 0.1295160 0.1267921 0.1881889 0.1382241 0.0000000 0.5549026 
CPZ                            0.4157093 0.4937804 0.5108433 0.4608692 0.5881597 0.5107356 0.4290689 0.5288062 0.4603361 0.5870214 0.4350124 0.4633810 0.4934885 0.4809126 0.4537281 0.4909575 0.5468294 0.4854279 0.4489585 0.4100463 0.5252570 0.4574161 0.4899918 0.5092414 0.5348424 0.4502356 0.4777637 0.5586251 0.5010033 0.5000140 0.4854279 0.5535610 0.4963465 0.5123838 0.5402602 0.5549026 0.0000000 
