37
B.FR.83.HXBLAI_IIIB_BRU.K03455 0.0000000 0.1206191 0.1437455 0.0987547 0.1511408 0.1536284 0.0104284 0.1012815 0.0527464 0.0995442 0.1051702 0.1491676 0.1282242 0.1103753 0.1418462 0.1442209 0.1245385 0.1178809 0.1342195 0.0762919 0.0949346 0.0774122 0.1091950 0.1565481 0.1245385 0.1179437 0.1355895 0.1277865 0.1720192 0.1122814 0.1828712 0.0635182 0.1396910 0.0988666 0.1306479 0.1369433 0.2938425 
A                              0.1206191 0.0000000 0.0303906 0.0426056 0.0331888 0.0463620 0.1151172 0.0957991 0.1105649 0.1055192 0.0940983 0.1182968 0.0987170 0.0974010 0.1087162 0.1260437 0.0374756 0.0328145 0.0538055 0.1349589 0.1215583 0.1395599 0.1153016 0.1316268 0.0374756 0.0485701 0.0353030 0.0776282 0.0820967 0.1132177 0.1428245 0.1092227 0.0563004 0.1081907 0.0602242 0.0554480 0.3464032 
A1                             0.1437455 0.0303906 0.0000000 0.0586060 0.0588180 0.0594350 0.1321451 0.1118780 0.1310119 0.1087675 0.0968795 0.1389060 0.1049269 0.1022036 0.1183809 0.1260729 0.0605449 0.0606863 0.0766461 0.1527362 0.1393747 0.1617990 0.1186424 0.1446679 0.0605449 0.0682037 0.0609351 0.0925115 0.0552717 0.1265198 0.1537726 0.1261121 0.0819994 0.1180687 0.0931317 0.0749847 0.3503795 
A2                             0.0987547 0.0426056 0.0586060 0.0000000 0.0693137 0.0739040 0.0965414 0.0903258 0.0796637 0.0860733 0.0813192 0.0836785 0.0867607 0.0874364 0.0837001 0.1254991 0.0637897 0.0497416 0.0653831 0.1083117 0.1089021 0.1093409 0.0890486 0.0994300 0.0637897 0.0125982 0.0661018 0.0642776 0.1085389 0.0919565 0.1166887 0.1061590 0.0781056 0.0900014 0.0799011 0.0775193 0.3872344 
A3                             0.1511408 0.0331888 0.0588180 0.0693137 0.0000000 0.0784105 0.1454092 0.1438517 0.1372700 0.1273507 0.1145678 0.1531547 0.1330339 0.1273384 0.1233239 0.1487778 0.0616542 0.0531210 0.0662868 0.1673768 0.1596456 0.1732729 0.1378974 0.1559439 0.0616542 0.0737294 0.0584567 0.0972832 0.1183945 0.1251055 0.1682144 0.1390704 0.0824942 0.1395774 0.0844544 0.0754155 0.4254700 
A6                             0.1536284 0.0463620 0.0594350 0.0739040 0.0784105 0.0000000 0.1414794 0.1150583 0.1237940 0.1201508 0.1112253 0.1263629 0.1112674 0.1222794 0.1234809 0.1549540 0.0772847 0.0734241 0.1084640 0.1383154 0.1464977 0.1330745 0.1234844 0.1589287 0.0772847 0.0774635 0.0778378 0.0956442 0.1287060 0.1234258 0.1539845 0.1061092 0.0953379 0.1198956 0.0992427 0.0999275 0.3591970 
B                              0.0104284 0.1151172 0.1321451 0.0965414 0.1454092 0.1414794 0.0000000 0.0913860 0.0473697 0.0957832 0.0950659 0.1398464 0.1199862 0.1047931 0.1304596 0.1325742 0.1156692 0.1125189 0.1285068 0.0730233 0.0849675 0.0713277 0.1052623 0.1501850 0.1156692 0.1155084 0.1299616 0.1230411 0.1664445 0.1083022 0.1722456 0.0552936 0.1341660 0.0889921 0.1186378 0.1279982 0.2987338 
C                              0.1012815 0.0957991 0.1118780 0.0903258 0.1438517 0.1150583 0.0913860 0.0000000 0.0939196 0.0957820 0.0906049 0.0956164 0.0856686 0.1145301 0.1058793 0.1356725 0.1208878 0.0954473 0.1342739 0.1069884 0.0284651 0.0992409 0.1052652 0.1296311 0.1208878 0.1004331 0.1219105 0.0954504 0.1357243 0.1083066 0.1233241 0.1071562 0.0985603 0.0676546 0.1159342 0.1358825 0.3223302 
D                              0.0527464 0.1105649 0.1310119 0.0796637 0.1372700 0.1237940 0.0473697 0.0939196 0.0000000 0.1097002 0.0962710 0.1158540 0.0997072 0.1069995 0.1060465 0.1344920 0.1110992 0.1080561 0.1103056 0.0546067 0.1026075 0.0238884 0.1066561 0.1355635 0.1110992 0.0895337 0.1254688 0.1196732 0.1560990 0.1097476 0.1539455 0.0326824 0.1368652 0.1021014 0.1208795 0.1235588 0.3352199 
F1                             0.0995442 0.1055192 0.1087675 0.0860733 0.1273507 0.1201508 0.0957832 0.0957820 0.1097002 0.0000000 0.0383217 0.1231278 0.1007254 0.1115870 0.0724759 0.1157423 0.1241613 0.0969579 0.1286321 0.1310091 0.1114708 0.1311248 0.0061295 0.1161699 0.1241613 0.1006068 0.1231315 0.1098545 0.1734317 0.0213627 0.1609996 0.1206751 0.1242271 0.0841015 0.1196072 0.1368958 0.4031544 
F2                             0.1051702 0.0940983 0.0968795 0.0813192 0.1145678 0.1112253 0.0950659 0.0906049 0.0962710 0.0383217 0.0000000 0.1028799 0.0850651 0.0883247 0.0673932 0.1044724 0.1181784 0.0921373 0.1254028 0.1051558 0.0990900 0.1200506 0.0359385 0.1020075 0.1181784 0.0951896 0.1106617 0.0980876 0.1443182 0.0434255 0.1371644 0.0985844 0.1119203 0.0646545 0.1190017 0.1350339 0.3865362 
G                              0.1491676 0.1182968 0.1389060 0.0836785 0.1531547 0.1263629 0.1398464 0.0956164 0.1158540 0.1231278 0.1028799 0.0000000 0.1001670 0.1248753 0.1263904 0.1366006 0.1384192 0.1059258 0.1251788 0.1210311 0.1245784 0.1116865 0.1269078 0.0352589 0.1384192 0.0904659 0.1371909 0.1058678 0.1522298 0.1301302 0.0257607 0.1585720 0.1277904 0.0999385 0.1250490 0.1427015 0.4459549 
H                              0.1282242 0.0987170 0.1049269 0.0867607 0.1330339 0.1112674 0.1199862 0.0856686 0.0997072 0.1007254 0.0850651 0.1001670 0.0000000 0.1071395 0.0921582 0.1142593 0.1107847 0.0923938 0.1401709 0.1306669 0.0880961 0.1284142 0.1042410 0.1308649 0.1107847 0.0890627 0.1317926 0.0934712 0.1511669 0.1073422 0.1288478 0.1211750 0.1096974 0.0807308 0.1394040 0.1372305 0.4343419 
J                              0.1103753 0.0974010 0.1022036 0.0874364 0.1273384 0.1222794 0.1047931 0.1145301 0.1069995 0.1115870 0.0883247 0.1248753 0.1071395 0.0000000 0.1149110 0.1293751 0.1176928 0.0982156 0.1171791 0.1172290 0.1379734 0.1242698 0.1086582 0.1157229 0.1176928 0.0984027 0.1196667 0.0985405 0.1409635 0.1023366 0.1519748 0.1206870 0.1181477 0.1015572 0.0990055 0.1339492 0.3215991 
K                              0.1418462 0.1087162 0.1183809 0.0837001 0.1233239 0.1234809 0.1304596 0.1058793 0.1060465 0.0724759 0.0673932 0.1263904 0.0921582 0.1149110 0.0000000 0.1273998 0.1140103 0.1002449 0.1336353 0.1206675 0.1099419 0.1378124 0.0754589 0.1218604 0.1140103 0.0901525 0.1066671 0.1176988 0.1617820 0.0781994 0.1566332 0.1205959 0.1269923 0.0993282 0.1360678 0.1271791 0.4371859 
L                              0.1442209 0.1260437 0.1260729 0.1254991 0.1487778 0.1549540 0.1325742 0.1356725 0.1344920 0.1157423 0.1044724 0.1366006 0.1142593 0.1293751 0.1273998 0.0000000 0.1416201 0.1179374 0.1423888 0.1638423 0.1620819 0.1584415 0.1194060 0.1443077 0.1416201 0.1357110 0.1500846 0.1384415 0.1890392 0.1013822 0.1585289 0.1384223 0.1369080 0.1057050 0.1630141 0.1645643 0.3912854 
AE                             0.1245385 0.0374756 0.0605449 0.0637897 0.0616542 0.0772847 0.1156692 0.1208878 0.1110992 0.1241613 0.1181784 0.1384192 0.1107847 0.1176928 0.1140103 0.1416201 0.0000000 0.0479551 0.0643835 0.1424265 0.1324893 0.1402888 0.1346389 0.1482546 0.0020244 0.0708341 0.0282895 0.1003028 0.1160553 0.1285954 0.1680439 0.1228668 0.0736956 0.1135924 0.0724334 0.0213665 0.3438443 
AG                             0.1178809 0.0328145 0.0606863 0.0497416 0.0531210 0.0734241 0.1125189 0.0954473 0.1080561 0.0969579 0.0921373 0.1059258 0.0923938 0.0982156 0.1002449 0.1179374 0.0479551 0.0000000 0.0620213 0.1382001 0.1210713 0.1260170 0.1062765 0.1095628 0.0479551 0.0611599 0.0500983 0.0827275 0.1196465 0.1092605 0.1417113 0.1161019 0.0215336 0.1077827 0.0313089 0.0608708 0.3412864 
cpx                            0.1342195 0.0538055 0.0766461 0.0653831 0.0662868 0.1084640 0.1285068 0.1342739 0.1103056 0.1286321 0.1254028 0.1251788 0.1401709 0.1171791 0.1336353 0.1423888 0.0643835 0.0620213 0.0000000 0.1423822 0.1505876 0.1331892 0.1393148 0.1316963 0.0616808 0.0726973 0.0611307 0.1197408 0.1143826 0.1263343 0.1470992 0.1493914 0.0872762 0.1410331 0.0878206 0.0754359 0.3412802 
DF                             0.0762919 0.1349589 0.1527362 0.1083117 0.1673768 0.1383154 0.0730233 0.1069884 0.0546067 0.1310091 0.1051558 0.1210311 0.1306669 0.1172290 0.1206675 0.1638423 0.1424265 0.1382001 0.1423822 0.0000000 0.1132683 0.0678303 0.1278039 0.1380263 0.1424265 0.1287258 0.1511747 0.1442568 0.1496774 0.1310539 0.1514291 0.0802091 0.1552184 0.1124548 0.1515869 0.1555815 0.3531844 
BC                             0.0949346 0.1215583 0.1393747 0.1089021 0.1596456 0.1464977 0.0849675 0.0284651 0.1026075 0.1114708 0.0990900 0.1245784 0.0880961 0.1379734 0.1099419 0.1620819 0.1324893 0.1210713 0.1505876 0.1132683 0.0000000 0.1213752 0.1216806 0.1550786 0.1361538 0.1112311 0.1410095 0.1058289 0.1648741 0.1249164 0.1483103 0.1234723 0.1245000 0.0809062 0.1515829 0.1597105 0.3538187 
CD                             0.0774122 0.1395599 0.1617990 0.1093409 0.1732729 0.1330745 0.0713277 0.0992409 0.0238884 0.1311248 0.1200506 0.1116865 0.1284142 0.1242698 0.1378124 0.1584415 0.1402888 0.1260170 0.1331892 0.0678303 0.1213752 0.0000000 0.1279145 0.1383049 0.1402888 0.1205453 0.1599598 0.1528941 0.1728733 0.1311697 0.1489990 0.0505632 0.1394879 0.1160201 0.1255746 0.1497510 0.3427444 
BF                             0.1091950 0.1153016 0.1186424 0.0890486 0.1378974 0.1234844 0.1052623 0.1052652 0.1066561 0.0061295 0.0359385 0.1269078 0.1042410 0.1086582 0.0754589 0.1194060 0.1346389 0.1062765 0.1393148 0.1278039 0.1216806 0.1279145 0.0000000 0.1198530 0.1346389 0.1037844 0.1334897 0.1198640 0.1779033 0.0147506 0.1652979 0.1175328 0.1344143 0.0932984 0.1298612 0.1475999 0.4086873 
BG                             0.1565481 0.1316268 0.1446679 0.0994300 0.1559439 0.1589287 0.1501850 0.1296311 0.1355635 0.1161699 0.1020075 0.0352589 0.1308649 0.1157229 0.1218604 0.1443077 0.1482546 0.1095628 0.1316963 0.1380263 0.1550786 0.1383049 0.1198530 0.0000000 0.1482546 0.1082263 0.1501149 0.1370172 0.1444507 0.1370457 0.0660873 0.1789069 0.1380511 0.1256807 0.1229924 0.1628956 0.4476111 
01B                            0.1245385 0.0374756 0.0605449 0.0637897 0.0616542 0.0772847 0.1156692 0.1208878 0.1110992 0.1241613 0.1181784 0.1384192 0.1107847 0.1176928 0.1140103 0.1416201 0.0020244 0.0479551 0.0616808 0.1424265 0.1361538 0.1402888 0.1346389 0.1482546 0.0000000 0.0708341 0.0306333 0.1003028 0.1160553 0.1285954 0.1680439 0.1228668 0.0736956 0.1135924 0.0724334 0.0191372 0.3381814 
A2D                            0.1179437 0.0485701 0.0682037 0.0125982 0.0737294 0.0774635 0.1155084 0.1004331 0.0895337 0.1006068 0.0951896 0.0904659 0.0890627 0.0984027 0.0901525 0.1357110 0.0708341 0.0611599 0.0726973 0.1287258 0.1112311 0.1205453 0.1037844 0.1082263 0.0708341 0.0000000 0.0675776 0.0586507 0.1180338 0.1068687 0.1245980 0.1169093 0.0917490 0.0983884 0.0939974 0.0852476 0.4137610 
01A1                           0.1355895 0.0353030 0.0609351 0.0661018 0.0584567 0.0778378 0.1299616 0.1219105 0.1254688 0.1231315 0.1106617 0.1371909 0.1317926 0.1196667 0.1066671 0.1500846 0.0282895 0.0500983 0.0611307 0.1511747 0.1410095 0.1599598 0.1334897 0.1501149 0.0306333 0.0675776 0.0000000 0.1056603 0.1137970 0.1275372 0.1592995 0.1273327 0.0720265 0.1284191 0.0805539 0.0475831 0.3926107 
A5U                            0.1277865 0.0776282 0.0925115 0.0642776 0.0972832 0.0956442 0.1230411 0.0954504 0.1196732 0.1098545 0.0980876 0.1058678 0.0934712 0.0985405 0.1176988 0.1384415 0.1003028 0.0827275 0.1197408 0.1442568 0.1058289 0.1528941 0.1198640 0.1370172 0.1003028 0.0586507 0.1056603 0.0000000 0.1470912 0.1230393 0.1343966 0.1311809 0.0963262 0.1062371 0.1116439 0.1234714 0.4093645 
AD                             0.1720192 0.0820967 0.0552717 0.1085389 0.1183945 0.1287060 0.1664445 0.1357243 0.1560990 0.1734317 0.1443182 0.1522298 0.1511669 0.1409635 0.1617820 0.1890392 0.1160553 0.1196465 0.1143826 0.1496774 0.1648741 0.1728733 0.1779033 0.1444507 0.1160553 0.1180338 0.1137970 0.1470912 0.0000000 0.1858588 0.1528314 0.1534944 0.1337605 0.1583558 0.1389268 0.1274578 0.3966691 
BF1                            0.1122814 0.1132177 0.1265198 0.0919565 0.1251055 0.1234258 0.1083022 0.1083066 0.1097476 0.0213627 0.0434255 0.1301302 0.1073422 0.1023366 0.0781994 0.1013822 0.1285954 0.1092605 0.1263343 0.1310539 0.1249164 0.1311697 0.0147506 0.1370457 0.1285954 0.1068687 0.1275372 0.1230393 0.1858588 0.0000000 0.1512596 0.1207219 0.1376058 0.0962750 0.1330877 0.1411613 0.4080034 
02G                            0.1828712 0.1428245 0.1537726 0.1166887 0.1682144 0.1539845 0.1722456 0.1233241 0.1539455 0.1609996 0.1371644 0.0257607 0.1288478 0.1519748 0.1566332 0.1585289 0.1680439 0.1417113 0.1470992 0.1514291 0.1483103 0.1489990 0.1652979 0.0660873 0.1680439 0.1245980 0.1592995 0.1343966 0.1528314 0.1512596 0.0000000 0.1851613 0.1517670 0.1351153 0.1565824 0.1718946 0.4468218 
A1D                            0.0635182 0.1092227 0.1261121 0.1061590 0.1390704 0.1061092 0.0552936 0.1071562 0.0326824 0.1206751 0.0985844 0.1585720 0.1211750 0.1206870 0.1205959 0.1384223 0.1228668 0.1161019 0.1493914 0.0802091 0.1234723 0.0505632 0.1175328 0.1789069 0.1228668 0.1169093 0.1273327 0.1311809 0.1534944 0.1207219 0.1851613 0.0000000 0.1311508 0.1052194 0.1288067 0.1401243 0.3652551 
02A                            0.1396910 0.0563004 0.0819994 0.0781056 0.0824942 0.0953379 0.1341660 0.0985603 0.1368652 0.1242271 0.1119203 0.1277904 0.1096974 0.1181477 0.1269923 0.1369080 0.0736956 0.0215336 0.0872762 0.1552184 0.1245000 0.1394879 0.1344143 0.1380511 0.0736956 0.0917490 0.0720265 0.0963262 0.1337605 0.1376058 0.1517670 0.1311508 0.0000000 0.1260210 0.0580379 0.0912470 0.3589932 
C2U                            0.0988666 0.1081907 0.1180687 0.0900014 0.1395774 0.1198956 0.0889921 0.0676546 0.1021014 0.0841015 0.0646545 0.0999385 0.0807308 0.1015572 0.0993282 0.1057050 0.1135924 0.1077827 0.1410331 0.1124548 0.0809062 0.1160201 0.0932984 0.1256807 0.1135924 0.0983884 0.1284191 0.1062371 0.1583558 0.0962750 0.1351153 0.1052194 0.1260210 0.0000000 0.1198558 0.1352895 0.3246542 
02B                            0.1306479 0.0602242 0.0931317 0.0799011 0.0844544 0.0992427 0.1186378 0.1159342 0.1208795 0.1196072 0.1190017 0.1250490 0.1394040 0.0990055 0.1360678 0.1630141 0.0724334 0.0313089 0.0878206 0.1515869 0.1515829 0.1255746 0.1298612 0.1229924 0.0724334 0.0939974 0.0805539 0.1116439 0.1389268 0.1330877 0.1565824 0.1288067 0.0580379 0.1198558 0.0000000 0.0778733 0.3183155 
01C                            0.1369433 0.0554480 0.0749847 0.0775193 0.0754155 0.0999275 0.1279982 0.1358825 0.1235588 0.1368958 0.1350339 0.1427015 0.1372305 0.1339492 0.1271791 0.1645643 0.0213665 0.0608708 0.0754359 0.1555815 0.1597105 0.1497510 0.1475999 0.1628956 0.0191372 0.0852476 0.0475831 0.1234714 0.1274578 0.1411613 0.1718946 0.1401243 0.0912470 0.1352895 0.0778733 0.0000000 0.3546889 
CPZ                            0.2938425 0.3464032 0.3503795 0.3872344 0.4254700 0.3591970 0.2987338 0.3223302 0.3352199 0.4031544 0.3865362 0.4459549 0.4343419 0.3215991 0.4371859 0.3912854 0.3438443 0.3412864 0.3412802 0.3531844 0.3538187 0.3427444 0.4086873 0.4476111 0.3381814 0.4137610 0.3926107 0.4093645 0.3966691 0.4080034 0.4468218 0.3652551 0.3589932 0.3246542 0.3183155 0.3546889 0.0000000 
