37
B.FR.83.HXBLAI_IIIB_BRU.K03455 0.0000000 0.2016513 0.2064207 0.2244834 0.2430501 0.2211964 0.0523653 0.1861233 0.1161138 0.1697304 0.2486281 0.1898964 0.2362909 0.1951407 0.2010756 0.2031852 0.2361670 0.2413546 0.3025654 0.2092122 0.2156886 0.1233836 0.1683297 0.0947429 0.0978716 0.2465463 0.2693856 0.2864648 0.2498181 0.1743988 0.2329094 0.1551397 0.2826732 0.1907891 0.2904378 0.2370538 0.5952818 
A                              0.2016513 0.0000000 0.0237871 0.0787679 0.0361739 0.0626324 0.1457536 0.1313601 0.1411832 0.1109384 0.1343205 0.0840860 0.1475851 0.1010198 0.1102811 0.1219016 0.1752492 0.0451796 0.0899528 0.1340845 0.1538410 0.1642278 0.1099220 0.1655248 0.1453529 0.1075867 0.0443479 0.0985524 0.0549354 0.1269619 0.1207281 0.1889504 0.0637155 0.1502250 0.0850657 0.1659053 0.4737386 
A1                             0.2064207 0.0237871 0.0000000 0.0852068 0.0464814 0.0573485 0.1468471 0.1492424 0.1389558 0.1043865 0.1475876 0.0737784 0.1472397 0.0964488 0.0976620 0.1216347 0.1768241 0.0464177 0.0794090 0.1296197 0.1628389 0.1587958 0.1006511 0.1890977 0.1335292 0.0963640 0.0452225 0.0984510 0.0519951 0.1302468 0.1022550 0.1782649 0.0811702 0.1508456 0.0922302 0.1787046 0.4873185 
A2                             0.2244834 0.0787679 0.0852068 0.0000000 0.1078737 0.1349030 0.1723927 0.1787480 0.1553393 0.1415855 0.1786261 0.1314592 0.1857335 0.1543853 0.1439771 0.1855163 0.2115162 0.1040407 0.1364023 0.1699904 0.1988807 0.1941817 0.1457746 0.2207567 0.1768372 0.0417362 0.1072435 0.1017291 0.1061776 0.1732066 0.1691557 0.2111351 0.1268710 0.1503276 0.1294421 0.2014283 0.5234485 
A3                             0.2430501 0.0361739 0.0464814 0.1078737 0.0000000 0.0819810 0.1751799 0.1851327 0.1584244 0.1467697 0.1784802 0.1228097 0.1835249 0.1476637 0.1520172 0.1554447 0.2160555 0.0813952 0.1182329 0.1664436 0.2215183 0.1889847 0.1373005 0.1989278 0.1888686 0.1545541 0.0771504 0.1128240 0.0904437 0.1512094 0.1648336 0.1966626 0.0791517 0.1821139 0.1058779 0.2023874 0.5119949 
A6                             0.2211964 0.0626324 0.0573485 0.1349030 0.0819810 0.0000000 0.1809277 0.1861475 0.1697563 0.1351792 0.1684819 0.1000540 0.1882469 0.1139573 0.1180600 0.1422246 0.1860129 0.0874863 0.1210604 0.1703032 0.1844256 0.1651378 0.1435555 0.1956837 0.1699879 0.1521841 0.0830512 0.1399201 0.1046483 0.1712699 0.1214973 0.2216286 0.0877072 0.2004961 0.1458027 0.2018759 0.5607018 
B                              0.0523653 0.1457536 0.1468471 0.1723927 0.1751799 0.1809277 0.0000000 0.1464753 0.0836201 0.1270119 0.1729137 0.1234578 0.1915771 0.1463417 0.1632115 0.1706605 0.2119243 0.1759574 0.2394945 0.1541536 0.1810957 0.0991427 0.1285297 0.0664310 0.0506176 0.1881765 0.2111571 0.2168413 0.1943465 0.1177071 0.1658455 0.1288863 0.2136080 0.1491868 0.2205633 0.1954496 0.5086865 
C                              0.1861233 0.1313601 0.1492424 0.1787480 0.1851327 0.1861475 0.1464753 0.0000000 0.1574782 0.1359074 0.1570126 0.1464378 0.1282218 0.1364666 0.1340214 0.1522553 0.1668444 0.1453444 0.1756515 0.1547837 0.0336785 0.1818897 0.1442749 0.1960068 0.1589238 0.1758966 0.1524128 0.1956820 0.1686404 0.1561815 0.1639171 0.1855458 0.1693715 0.0919299 0.1875526 0.1713455 0.5495570 
D                              0.1161138 0.1411832 0.1389558 0.1553393 0.1584244 0.1697563 0.0836201 0.1574782 0.0000000 0.1175283 0.1639239 0.1166767 0.1705635 0.1320409 0.1265569 0.1446533 0.2085210 0.1636447 0.2043511 0.1388100 0.1846839 0.0223971 0.1182982 0.1115911 0.1159797 0.1853100 0.1844209 0.1998082 0.1968849 0.1408506 0.1631021 0.0439917 0.1983834 0.1689614 0.2090292 0.1725448 0.4793681 
F1                             0.1697304 0.1109384 0.1043865 0.1415855 0.1467697 0.1351792 0.1270119 0.1359074 0.1175283 0.0000000 0.0982894 0.0854903 0.1225703 0.1254100 0.0627716 0.1140072 0.1637905 0.1458678 0.1637373 0.0310903 0.1468094 0.1253241 0.0105147 0.1397400 0.1094791 0.1624681 0.1384783 0.1482899 0.1442463 0.0657500 0.1193515 0.1542570 0.1483503 0.1473619 0.1708391 0.1735997 0.5653180 
F2                             0.2486281 0.1343205 0.1475876 0.1786261 0.1784802 0.1684819 0.1729137 0.1570126 0.1639239 0.0982894 0.0000000 0.1333666 0.1765508 0.1249317 0.1039421 0.1561919 0.2380358 0.1493864 0.2198363 0.1124083 0.1811589 0.1855660 0.1125061 0.1932324 0.1708588 0.1920020 0.1893229 0.1789272 0.1621455 0.1395461 0.1754939 0.2002957 0.2040527 0.1909366 0.1931049 0.2344198 0.5384995 
G                              0.1898964 0.0840860 0.0737784 0.1314592 0.1228097 0.1000540 0.1234578 0.1464378 0.1166767 0.0854903 0.1333666 0.0000000 0.1367763 0.0702060 0.0919724 0.1275904 0.1226604 0.0915960 0.1304596 0.1161629 0.1629308 0.1234464 0.0897170 0.1419096 0.0988481 0.1406295 0.1005322 0.1374047 0.1241710 0.1060662 0.0379648 0.1571137 0.1170250 0.1286064 0.1249534 0.1214456 0.5010465 
H                              0.2362909 0.1475851 0.1472397 0.1857335 0.1835249 0.1882469 0.1915771 0.1282218 0.1705635 0.1225703 0.1765508 0.1367763 0.0000000 0.1578672 0.1192976 0.1571923 0.2016151 0.1812540 0.1777220 0.1698494 0.1664944 0.1960481 0.1276583 0.1871125 0.1686100 0.1970691 0.1739378 0.1536069 0.1768311 0.1583683 0.1562995 0.2132076 0.1662234 0.1415671 0.2134399 0.1920480 0.5747159 
J                              0.1951407 0.1010198 0.0964488 0.1543853 0.1476637 0.1139573 0.1463417 0.1364666 0.1320409 0.1254100 0.1249317 0.0702060 0.1578672 0.0000000 0.1222186 0.1509729 0.1745464 0.0971778 0.1429716 0.1480500 0.1550197 0.1398369 0.1306156 0.1593211 0.1482615 0.1558233 0.1194787 0.1415716 0.1125708 0.1393886 0.1083725 0.1700519 0.1467145 0.1359010 0.1308507 0.1814710 0.4616852 
K                              0.2010756 0.1102811 0.0976620 0.1439771 0.1520172 0.1180600 0.1632115 0.1340214 0.1265569 0.0627716 0.1039421 0.0919724 0.1192976 0.1222186 0.0000000 0.1109903 0.1848184 0.1223273 0.1485851 0.0782767 0.1472243 0.1478862 0.0689057 0.1862888 0.1434456 0.1463289 0.1362197 0.1477007 0.1335475 0.1240880 0.1195077 0.1625301 0.1489944 0.1354120 0.1783800 0.1706744 0.5270814 
L                              0.2031852 0.1219016 0.1216347 0.1855163 0.1554447 0.1422246 0.1706605 0.1522553 0.1446533 0.1140072 0.1561919 0.1275904 0.1571923 0.1509729 0.1109903 0.0000000 0.1638421 0.1412076 0.1484010 0.1227935 0.1769128 0.1630211 0.1116747 0.1771326 0.1420308 0.1930488 0.1656285 0.1904870 0.1707031 0.1446321 0.1668416 0.1854789 0.1401563 0.1784995 0.2145527 0.1474446 0.4609681 
AE                             0.2361670 0.1752492 0.1768241 0.2115162 0.2160555 0.1860129 0.2119243 0.1668444 0.2085210 0.1637905 0.2380358 0.1226604 0.2016151 0.1745464 0.1848184 0.1638421 0.0000000 0.1716733 0.2087099 0.1997806 0.1734486 0.2036854 0.1594925 0.2106173 0.1713389 0.2210165 0.2163224 0.2296512 0.2117388 0.1815638 0.1836531 0.2289259 0.1845748 0.2308644 0.1897696 0.0289899 0.5421070 
AG                             0.2413546 0.0451796 0.0464177 0.1040407 0.0813952 0.0874863 0.1759574 0.1453444 0.1636447 0.1458678 0.1493864 0.0915960 0.1812540 0.0971778 0.1223273 0.1412076 0.1716733 0.0000000 0.0878818 0.1646989 0.1592286 0.1918607 0.1547454 0.1830555 0.1647944 0.1288469 0.0800296 0.1186478 0.0795265 0.1538020 0.1295457 0.2061607 0.0937598 0.1758628 0.0462648 0.1731829 0.5039201 
cpx                            0.3025654 0.0899528 0.0794090 0.1364023 0.1182329 0.1210604 0.2394945 0.1756515 0.2043511 0.1637373 0.2198363 0.1304596 0.1777220 0.1429716 0.1485851 0.1484010 0.2087099 0.0878818 0.0000000 0.1983089 0.1902521 0.2226956 0.1700372 0.2565158 0.2076343 0.1539455 0.1166726 0.1372510 0.1198843 0.1550953 0.1593843 0.2331456 0.1047535 0.1718330 0.1280479 0.2076653 0.5331371 
DF                             0.2092122 0.1340845 0.1296197 0.1699904 0.1664436 0.1703032 0.1541536 0.1547837 0.1388100 0.0310903 0.1124083 0.1161629 0.1698494 0.1480500 0.0782767 0.1227935 0.1997806 0.1646989 0.1983089 0.0000000 0.1738705 0.1539924 0.0390858 0.1727020 0.1492940 0.1863074 0.1666486 0.1833000 0.1721075 0.1066378 0.1462789 0.1779733 0.1691905 0.1593072 0.1944247 0.2110420 0.5636185 
BC                             0.2156886 0.1538410 0.1628389 0.1988807 0.2215183 0.1844256 0.1810957 0.0336785 0.1846839 0.1468094 0.1811589 0.1629308 0.1664944 0.1550197 0.1472243 0.1769128 0.1734486 0.1592286 0.1902521 0.1738705 0.0000000 0.1965841 0.1553759 0.2412155 0.1814925 0.1959103 0.1721846 0.2274137 0.1844728 0.1684459 0.1942125 0.2183960 0.2019825 0.1393610 0.2126868 0.2002643 0.5732160 
CD                             0.1233836 0.1642278 0.1587958 0.1941817 0.1889847 0.1651378 0.0991427 0.1818897 0.0223971 0.1253241 0.1855660 0.1234464 0.1960481 0.1398369 0.1478862 0.1630211 0.2036854 0.1918607 0.2226956 0.1539924 0.1965841 0.0000000 0.1261434 0.1140977 0.1226897 0.1995017 0.2021310 0.2288833 0.2152630 0.1700157 0.1761804 0.0579461 0.2202984 0.2007098 0.2231433 0.1819657 0.4927822 
BF                             0.1683297 0.1099220 0.1006511 0.1457746 0.1373005 0.1435555 0.1285297 0.1442749 0.1182982 0.0105147 0.1125061 0.0897170 0.1276583 0.1306156 0.0689057 0.1116747 0.1594925 0.1547454 0.1700372 0.0390858 0.1553759 0.1261434 0.0000000 0.1592121 0.1101813 0.1637641 0.1440327 0.1544403 0.1431629 0.0626229 0.1242829 0.1604158 0.1572464 0.1530799 0.1833547 0.1691108 0.5706682 
BG                             0.0947429 0.1655248 0.1890977 0.2207567 0.1989278 0.1956837 0.0664310 0.1960068 0.1115911 0.1397400 0.1932324 0.1419096 0.1871125 0.1593211 0.1862888 0.1771326 0.2106173 0.1830555 0.2565158 0.1727020 0.2412155 0.1140977 0.1592121 0.0000000 0.0961178 0.2460953 0.2196080 0.2274517 0.2051775 0.1497070 0.1865712 0.1416543 0.1826749 0.1870234 0.2316899 0.2023392 0.5111696 
01B                            0.0978716 0.1453529 0.1335292 0.1768372 0.1888686 0.1699879 0.0506176 0.1589238 0.1159797 0.1094791 0.1708588 0.0988481 0.1686100 0.1482615 0.1434456 0.1420308 0.1713389 0.1647944 0.2076343 0.1492940 0.1814925 0.1226897 0.1101813 0.0961178 0.0000000 0.1782247 0.1923993 0.2002656 0.1725161 0.0960113 0.1351937 0.1544162 0.1926075 0.1586542 0.2262985 0.1567287 0.5432935 
A2D                            0.2465463 0.1075867 0.0963640 0.0417362 0.1545541 0.1521841 0.1881765 0.1758966 0.1853100 0.1624681 0.1920020 0.1406295 0.1970691 0.1558233 0.1463289 0.1930488 0.2210165 0.1288469 0.1539455 0.1863074 0.1959103 0.1995017 0.1637641 0.2460953 0.1782247 0.0000000 0.1225057 0.1308198 0.1075549 0.2072585 0.1740072 0.2434430 0.1553806 0.1600124 0.1542647 0.2235819 0.4843830 
01A1                           0.2693856 0.0443479 0.0452225 0.1072435 0.0771504 0.0830512 0.2111571 0.1524128 0.1844209 0.1384783 0.1893229 0.1005322 0.1739378 0.1194787 0.1362197 0.1656285 0.2163224 0.0800296 0.1166726 0.1666486 0.1721846 0.2021310 0.1440327 0.2196080 0.1923993 0.1225057 0.0000000 0.1213775 0.0842051 0.1735924 0.1327609 0.2261497 0.0733674 0.1791600 0.1096725 0.2276139 0.5565390 
A5U                            0.2864648 0.0985524 0.0984510 0.1017291 0.1128240 0.1399201 0.2168413 0.1956820 0.1998082 0.1482899 0.1789272 0.1374047 0.1536069 0.1415716 0.1477007 0.1904870 0.2296512 0.1186478 0.1372510 0.1833000 0.2274137 0.2288833 0.1544403 0.2274517 0.2002656 0.1308198 0.1213775 0.0000000 0.1061826 0.1622767 0.1813526 0.2495350 0.1479179 0.1516222 0.1348893 0.2122028 0.5229794 
AD                             0.2498181 0.0549354 0.0519951 0.1061776 0.0904437 0.1046483 0.1943465 0.1686404 0.1968849 0.1442463 0.1621455 0.1241710 0.1768311 0.1125708 0.1335475 0.1707031 0.2117388 0.0795265 0.1198843 0.1721075 0.1844728 0.2152630 0.1431629 0.2051775 0.1725161 0.1075549 0.0842051 0.1061826 0.0000000 0.1694732 0.1748799 0.2402114 0.1003571 0.1664838 0.1127407 0.2106824 0.5687471 
BF1                            0.1743988 0.1269619 0.1302468 0.1732066 0.1512094 0.1712699 0.1177071 0.1561815 0.1408506 0.0657500 0.1395461 0.1060662 0.1583683 0.1393886 0.1240880 0.1446321 0.1815638 0.1538020 0.1550953 0.1066378 0.1684459 0.1700157 0.0626229 0.1497070 0.0960113 0.2072585 0.1735924 0.1622767 0.1694732 0.0000000 0.1347553 0.1733007 0.1765711 0.1588886 0.1830583 0.1777086 0.5080798 
02G                            0.2329094 0.1207281 0.1022550 0.1691557 0.1648336 0.1214973 0.1658455 0.1639171 0.1631021 0.1193515 0.1754939 0.0379648 0.1562995 0.1083725 0.1195077 0.1668416 0.1836531 0.1295457 0.1593843 0.1462789 0.1942125 0.1761804 0.1242829 0.1865712 0.1351937 0.1740072 0.1327609 0.1813526 0.1748799 0.1347553 0.0000000 0.1958648 0.1400087 0.1478239 0.1678213 0.1803432 0.4974008 
A1D                            0.1551397 0.1889504 0.1782649 0.2111351 0.1966626 0.2216286 0.1288863 0.1855458 0.0439917 0.1542570 0.2002957 0.1571137 0.2132076 0.1700519 0.1625301 0.1854789 0.2289259 0.2061607 0.2331456 0.1779733 0.2183960 0.0579461 0.1604158 0.1416543 0.1544162 0.2434430 0.2261497 0.2495350 0.2402114 0.1733007 0.1958648 0.0000000 0.2446538 0.2010931 0.2280092 0.2080305 0.4652534 
02A                            0.2826732 0.0637155 0.0811702 0.1268710 0.0791517 0.0877072 0.2136080 0.1693715 0.1983834 0.1483503 0.2040527 0.1170250 0.1662234 0.1467145 0.1489944 0.1401563 0.1845748 0.0937598 0.1047535 0.1691905 0.2019825 0.2202984 0.1572464 0.1826749 0.1926075 0.1553806 0.0733674 0.1479179 0.1003571 0.1765711 0.1400087 0.2446538 0.0000000 0.2031206 0.1270872 0.1920847 0.5732645 
C2U                            0.1907891 0.1502250 0.1508456 0.1503276 0.1821139 0.2004961 0.1491868 0.0919299 0.1689614 0.1473619 0.1909366 0.1286064 0.1415671 0.1359010 0.1354120 0.1784995 0.2308644 0.1758628 0.1718330 0.1593072 0.1393610 0.2007098 0.1530799 0.1870234 0.1586542 0.1600124 0.1791600 0.1516222 0.1664838 0.1588886 0.1478239 0.2010931 0.2031206 0.0000000 0.2017099 0.2114113 0.4939786 
02B                            0.2904378 0.0850657 0.0922302 0.1294421 0.1058779 0.1458027 0.2205633 0.1875526 0.2090292 0.1708391 0.1931049 0.1249534 0.2134399 0.1308507 0.1783800 0.2145527 0.1897696 0.0462648 0.1280479 0.1944247 0.2126868 0.2231433 0.1833547 0.2316899 0.2262985 0.1542647 0.1096725 0.1348893 0.1127407 0.1830583 0.1678213 0.2280092 0.1270872 0.2017099 0.0000000 0.1854070 0.5154813 
01C                            0.2370538 0.1659053 0.1787046 0.2014283 0.2023874 0.2018759 0.1954496 0.1713455 0.1725448 0.1735997 0.2344198 0.1214456 0.1920480 0.1814710 0.1706744 0.1474446 0.0289899 0.1731829 0.2076653 0.2110420 0.2002643 0.1819657 0.1691108 0.2023392 0.1567287 0.2235819 0.2276139 0.2122028 0.2106824 0.1777086 0.1803432 0.2080305 0.1920847 0.2114113 0.1854070 0.0000000 0.4733857 
CPZ                            0.5952818 0.4737386 0.4873185 0.5234485 0.5119949 0.5607018 0.5086865 0.5495570 0.4793681 0.5653180 0.5384995 0.5010465 0.5747159 0.4616852 0.5270814 0.4609681 0.5421070 0.5039201 0.5331371 0.5636185 0.5732160 0.4927822 0.5706682 0.5111696 0.5432935 0.4843830 0.5565390 0.5229794 0.5687471 0.5080798 0.4974008 0.4652534 0.5732645 0.4939786 0.5154813 0.4733857 0.0000000 
