37
B.FR.83.HXBLAI_IIIB_BRU.K03455 0.0000000 0.2045974 0.2620918 0.2324914 0.2790642 0.2441402 0.0467981 0.2278224 0.1421461 0.2118668 0.1976686 0.3231733 0.2333537 0.2342843 0.2098622 0.1721637 0.2872912 0.2490624 0.2434778 0.2226878 0.1506826 0.2103486 0.2359328 0.3657747 0.2963652 0.2421676 0.2921933 0.2424848 0.2943525 0.2035337 0.2987853 0.2959379 0.2933992 0.1900612 0.2617442 0.2808773 0.5305127 
A                              0.2045974 0.0000000 0.0593977 0.0918431 0.1064901 0.0939915 0.1545523 0.2066407 0.1900680 0.1647068 0.1652285 0.1731327 0.1568511 0.1474964 0.1640469 0.1478586 0.1665975 0.1280352 0.1770166 0.1891861 0.1921570 0.2277675 0.1838802 0.1845136 0.1693133 0.1060507 0.1507539 0.1274997 0.0993964 0.2080759 0.1601989 0.1249377 0.1632139 0.2103930 0.1734127 0.1754748 0.4276403 
A1                             0.2620918 0.0593977 0.0000000 0.1002408 0.1315201 0.0992410 0.2012570 0.2138336 0.2164172 0.1698869 0.1804112 0.2221073 0.1611284 0.1742436 0.1629224 0.1878380 0.1831093 0.1698137 0.1947526 0.2074702 0.2124642 0.2416550 0.1684270 0.2156938 0.1861193 0.1282749 0.1761509 0.1593261 0.0615868 0.1841767 0.1831899 0.0779570 0.1908712 0.2089788 0.1901138 0.1879009 0.4108461 
A2                             0.2324914 0.0918431 0.1002408 0.0000000 0.1579110 0.1256669 0.1810430 0.2159362 0.1891967 0.1775904 0.1748500 0.2018719 0.1571308 0.1763586 0.1735899 0.1980081 0.1952435 0.1703189 0.2040795 0.2232526 0.2157687 0.2414452 0.1904592 0.1924593 0.1986036 0.0465770 0.2137717 0.1318963 0.1684628 0.1963489 0.1956407 0.1598407 0.1917068 0.1776560 0.2082654 0.2032109 0.5182884 
A3                             0.2790642 0.1064901 0.1315201 0.1579110 0.0000000 0.1459406 0.2295815 0.2693655 0.2607088 0.2665969 0.2727086 0.2751201 0.2255374 0.2545234 0.2232132 0.2291832 0.2577303 0.2188525 0.2748645 0.2913678 0.2637457 0.2866748 0.2658843 0.2954074 0.2709078 0.1634068 0.2508283 0.2045464 0.1650981 0.2764962 0.2430327 0.1803402 0.2406366 0.2849834 0.2614783 0.2414658 0.4472127 
A6                             0.2441402 0.0939915 0.0992410 0.1256669 0.1459406 0.0000000 0.1914213 0.2216493 0.2399870 0.2040714 0.1996878 0.2178421 0.1680081 0.1802841 0.1726611 0.1765693 0.1910469 0.1563516 0.1895001 0.2288366 0.2012858 0.2570564 0.2117512 0.2181797 0.2014198 0.1406432 0.1995600 0.1826102 0.1430124 0.2118381 0.1925225 0.1668429 0.1161543 0.2171090 0.1980319 0.1767691 0.4784189 
B                              0.0467981 0.1545523 0.2012570 0.1810430 0.2295815 0.1914213 0.0000000 0.1764356 0.1002047 0.1547288 0.1411934 0.2561984 0.1702954 0.1737948 0.1639955 0.1258449 0.2107292 0.1977150 0.1843839 0.1734109 0.1068425 0.1666652 0.1576942 0.2842571 0.2173356 0.1899763 0.2261895 0.2069144 0.2199632 0.1455433 0.2351509 0.2305653 0.2180746 0.1647570 0.2220995 0.2056630 0.4581262 
C                              0.2278224 0.2066407 0.2138336 0.2159362 0.2693655 0.2216493 0.1764356 0.0000000 0.2017542 0.1496156 0.1445061 0.2326535 0.1729388 0.1656679 0.1341026 0.1384676 0.1569920 0.1862377 0.1663872 0.1738563 0.0949086 0.1217937 0.1527007 0.2469482 0.1621255 0.2390339 0.1755069 0.2336833 0.2538420 0.1556975 0.2242224 0.2488304 0.2296320 0.1232891 0.2081595 0.1478119 0.3885399 
D                              0.1421461 0.1900680 0.2164172 0.1891967 0.2607088 0.2399870 0.1002047 0.2017542 0.0000000 0.1580018 0.1694634 0.2953035 0.1810705 0.1948022 0.1515099 0.1622734 0.2260887 0.2149453 0.1894732 0.1544958 0.1471632 0.1387649 0.1704943 0.3190039 0.2332187 0.2082727 0.2418237 0.2179260 0.2440767 0.1890094 0.2663435 0.2732140 0.2389987 0.1653907 0.2340895 0.2319196 0.4319362 
F1                             0.2118668 0.1647068 0.1698869 0.1775904 0.2665969 0.2040714 0.1547288 0.1496156 0.1580018 0.0000000 0.0740189 0.2168957 0.1302561 0.1705277 0.1270582 0.1734072 0.1911596 0.1580742 0.1576812 0.0570428 0.1441411 0.1568329 0.0232276 0.2341966 0.1972224 0.2010183 0.2049817 0.2222237 0.2014778 0.0512532 0.2048921 0.2181045 0.2074970 0.1784142 0.1883942 0.1920061 0.3758272 
F2                             0.1976686 0.1652285 0.1804112 0.1748500 0.2727086 0.1996878 0.1411934 0.1445061 0.1694634 0.0740189 0.0000000 0.2269427 0.1597675 0.1704990 0.1437648 0.1603500 0.2040284 0.1771701 0.1852795 0.1119142 0.1561545 0.1586896 0.0822184 0.2537246 0.2103657 0.1824594 0.2050168 0.1881644 0.2146243 0.1131040 0.1990179 0.2517320 0.1996160 0.1633986 0.2027540 0.1982006 0.4288950 
G                              0.3231733 0.1731327 0.2221073 0.2018719 0.2751201 0.2178421 0.2561984 0.2326535 0.2953035 0.2168957 0.2269427 0.0000000 0.2094599 0.1997659 0.2005526 0.1877492 0.1826543 0.0751927 0.2490159 0.2418110 0.2622479 0.2489867 0.2150470 0.0506878 0.1925573 0.2219984 0.1747749 0.2138249 0.2402057 0.2651100 0.0723821 0.2945038 0.1197077 0.2442147 0.1046141 0.2062870 0.4223721 
H                              0.2333537 0.1568511 0.1611284 0.1571308 0.2255374 0.1680081 0.1702954 0.1729388 0.1810705 0.1302561 0.1597675 0.2094599 0.0000000 0.1526242 0.1648267 0.1208702 0.2041310 0.1774892 0.1060904 0.1545639 0.1801441 0.2102902 0.1322163 0.2324916 0.2105846 0.1679193 0.2115655 0.2211453 0.1908362 0.1468482 0.2266805 0.2285729 0.1909115 0.1419022 0.2177063 0.1957737 0.4165426 
J                              0.2342843 0.1474964 0.1742436 0.1763586 0.2545234 0.1802841 0.1737948 0.1656679 0.1948022 0.1705277 0.1704990 0.1997659 0.1526242 0.0000000 0.1371661 0.1249636 0.1472179 0.1769519 0.1796929 0.1946466 0.1477399 0.1923500 0.1737646 0.2148425 0.1521306 0.1931377 0.1401740 0.1940719 0.1824713 0.1899167 0.1934903 0.2224763 0.2139744 0.1493032 0.1821150 0.1745834 0.3939676 
K                              0.2098622 0.1640469 0.1629224 0.1735899 0.2232132 0.1726611 0.1639955 0.1341026 0.1515099 0.1270582 0.1437648 0.2005526 0.1648267 0.1371661 0.0000000 0.1246840 0.1489342 0.1810723 0.1608461 0.1507094 0.1283863 0.1550192 0.1359149 0.2002587 0.1507457 0.1911804 0.1408362 0.1967705 0.2219041 0.1770149 0.2015330 0.2209756 0.2104793 0.1206245 0.1880507 0.1569863 0.4069973 
L                              0.1721637 0.1478586 0.1878380 0.1980081 0.2291832 0.1765693 0.1258449 0.1384676 0.1622734 0.1734072 0.1603500 0.1877492 0.1208702 0.1249636 0.1246840 0.0000000 0.1968763 0.1725939 0.1443028 0.1810532 0.1427450 0.1565131 0.1666681 0.2166557 0.1994719 0.2047032 0.2010665 0.1984099 0.2163371 0.1857681 0.1870870 0.2356543 0.2070880 0.1247668 0.1848979 0.2004854 0.3674529 
AE                             0.2872912 0.1665975 0.1831093 0.1952435 0.2577303 0.1910469 0.2107292 0.1569920 0.2260887 0.1911596 0.2040284 0.1826543 0.2041310 0.1472179 0.1489342 0.1968763 0.0000000 0.1651659 0.2158818 0.2358374 0.1632259 0.2007806 0.1894342 0.1934381 0.0125892 0.2302285 0.0278524 0.2161647 0.2217958 0.2097095 0.1792592 0.2386894 0.2176217 0.2095929 0.1744707 0.0607470 0.3892187 
AG                             0.2490624 0.1280352 0.1698137 0.1703189 0.2188525 0.1563516 0.1977150 0.1862377 0.2149453 0.1580742 0.1771701 0.0751927 0.1774892 0.1769519 0.1810723 0.1725939 0.1651659 0.0000000 0.2032521 0.2044447 0.2057836 0.2360679 0.1710482 0.1239310 0.1744907 0.1819133 0.1777639 0.1938117 0.2139802 0.2221046 0.0799545 0.2348126 0.0690427 0.2168991 0.0511147 0.1808754 0.3381492 
cpx                            0.2434778 0.1770166 0.1947526 0.2040795 0.2748645 0.1895001 0.1843839 0.1663872 0.1894732 0.1576812 0.1852795 0.2490159 0.1060904 0.1796929 0.1608461 0.1443028 0.2158818 0.2032521 0.0000000 0.1545186 0.1741800 0.2241809 0.1654222 0.2501713 0.2106025 0.2053858 0.2162188 0.2330685 0.2421487 0.1745292 0.2663641 0.2429362 0.1912458 0.1638220 0.2250869 0.1908787 0.4551170 
DF                             0.2226878 0.1891861 0.2074702 0.2232526 0.2913678 0.2288366 0.1734109 0.1738563 0.1544958 0.0570428 0.1119142 0.2418110 0.1545639 0.1946466 0.1507094 0.1810532 0.2358374 0.2044447 0.1545186 0.0000000 0.1833751 0.1874626 0.0683180 0.2648734 0.2432602 0.2452460 0.2444726 0.2283897 0.2328204 0.0980406 0.2544559 0.2591689 0.2445411 0.1960046 0.2483039 0.2392123 0.4158460 
BC                             0.1506826 0.1921570 0.2124642 0.2157687 0.2637457 0.2012858 0.1068425 0.0949086 0.1471632 0.1441411 0.1561545 0.2622479 0.1801441 0.1477399 0.1283863 0.1427450 0.1632259 0.2057836 0.1741800 0.1833751 0.0000000 0.1327816 0.1606227 0.2807545 0.1686120 0.2313722 0.1796952 0.2377612 0.2466485 0.1558237 0.2306755 0.2632277 0.2332888 0.1483890 0.2272986 0.1461697 0.4130712 
CD                             0.2103486 0.2277675 0.2416550 0.2414452 0.2866748 0.2570564 0.1666652 0.1217937 0.1387649 0.1568329 0.1586896 0.2489867 0.2102902 0.1923500 0.1550192 0.1565131 0.2007806 0.2360679 0.2241809 0.1874626 0.1327816 0.0000000 0.1632727 0.2838417 0.2070625 0.2644897 0.2060324 0.1876102 0.2531085 0.1742404 0.2455078 0.3184350 0.2790209 0.1561201 0.2371878 0.2196246 0.4023601 
BF                             0.2359328 0.1838802 0.1684270 0.1904592 0.2658843 0.2117512 0.1576942 0.1527007 0.1704943 0.0232276 0.0822184 0.2150470 0.1322163 0.1737646 0.1359149 0.1666681 0.1894342 0.1710482 0.1654222 0.0683180 0.1606227 0.1632727 0.0000000 0.2311887 0.1953973 0.2238435 0.2030504 0.2295570 0.1927251 0.0584494 0.2158492 0.2178013 0.2081294 0.1887540 0.1989433 0.1902602 0.3805916 
BG                             0.3657747 0.1845136 0.2156938 0.1924593 0.2954074 0.2181797 0.2842571 0.2469482 0.3190039 0.2341966 0.2537246 0.0506878 0.2324916 0.2148425 0.2002587 0.2166557 0.1934381 0.1239310 0.2501713 0.2648734 0.2807545 0.2838417 0.2311887 0.0000000 0.2039196 0.2117715 0.1917709 0.2387322 0.2537281 0.2847088 0.1277383 0.2624331 0.1382057 0.2597785 0.1359841 0.2107116 0.4963357 
01B                            0.2963652 0.1693133 0.1861193 0.1986036 0.2709078 0.2014198 0.2173356 0.1621255 0.2332187 0.1972224 0.2103657 0.1925573 0.2105846 0.1521306 0.1507457 0.1994719 0.0125892 0.1744907 0.2106025 0.2432602 0.1686120 0.2070625 0.1953973 0.2039196 0.0000000 0.2248509 0.0373080 0.2200424 0.2256581 0.2100838 0.1754258 0.2431729 0.2215597 0.2099667 0.1842538 0.0514306 0.3880480 
A2D                            0.2421676 0.1060507 0.1282749 0.0465770 0.1634068 0.1406432 0.1899763 0.2390339 0.2082727 0.2010183 0.1824594 0.2219984 0.1679193 0.1931377 0.1911804 0.2047032 0.2302285 0.1819133 0.2053858 0.2452460 0.2313722 0.2644897 0.2238435 0.2117715 0.2248509 0.0000000 0.2390217 0.1470802 0.1794347 0.2150036 0.2111853 0.1935517 0.2033297 0.1928725 0.2204297 0.2390047 0.5022921 
01A1                           0.2921933 0.1507539 0.1761509 0.2137717 0.2508283 0.1995600 0.2261895 0.1755069 0.2418237 0.2049817 0.2050168 0.1747749 0.2115655 0.1401740 0.1408362 0.2010665 0.0278524 0.1777639 0.2162188 0.2444726 0.1796952 0.2060324 0.2030504 0.1917709 0.0373080 0.2390217 0.0000000 0.2210926 0.2028470 0.2322369 0.1754831 0.2329264 0.2329385 0.2048928 0.1792974 0.0791197 0.3813995 
A5U                            0.2424848 0.1274997 0.1593261 0.1318963 0.2045464 0.1826102 0.2069144 0.2336833 0.2179260 0.2222237 0.1881644 0.2138249 0.2211453 0.1940719 0.1967705 0.1984099 0.2161647 0.1938117 0.2330685 0.2283897 0.2377612 0.1876102 0.2295570 0.2387322 0.2200424 0.1470802 0.2210926 0.0000000 0.2088936 0.2620431 0.1947127 0.2351750 0.2486623 0.1847644 0.2032506 0.2363273 0.4408641 
AD                             0.2943525 0.0993964 0.0615868 0.1684628 0.1650981 0.1430124 0.2199632 0.2538420 0.2440767 0.2014778 0.2146243 0.2402057 0.1908362 0.1824713 0.2219041 0.2163371 0.2217958 0.2139802 0.2421487 0.2328204 0.2466485 0.2531085 0.1927251 0.2537281 0.2256581 0.1794347 0.2028470 0.2088936 0.0000000 0.2025336 0.2297298 0.1163107 0.2530282 0.2538095 0.2550002 0.2272877 0.4572923 
BF1                            0.2035337 0.2080759 0.1841767 0.1963489 0.2764962 0.2118381 0.1455433 0.1556975 0.1890094 0.0512532 0.1131040 0.2651100 0.1468482 0.1899167 0.1770149 0.1857681 0.2097095 0.2221046 0.1745292 0.0980406 0.1558237 0.1742404 0.0584494 0.2847088 0.2100838 0.2150036 0.2322369 0.2620431 0.2025336 0.0000000 0.2575565 0.2193323 0.2533542 0.1798202 0.2439644 0.2089637 0.4128940 
02G                            0.2987853 0.1601989 0.1831899 0.1956407 0.2430327 0.1925225 0.2351509 0.2242224 0.2663435 0.2048921 0.1990179 0.0723821 0.2266805 0.1934903 0.2015330 0.1870870 0.1792592 0.0799545 0.2663641 0.2544559 0.2306755 0.2455078 0.2158492 0.1277383 0.1754258 0.2111853 0.1754831 0.1947127 0.2297298 0.2575565 0.0000000 0.2473084 0.1312985 0.2344252 0.0879843 0.1802400 0.3631859 
A1D                            0.2959379 0.1249377 0.0779570 0.1598407 0.1803402 0.1668429 0.2305653 0.2488304 0.2732140 0.2181045 0.2517320 0.2945038 0.2285729 0.2224763 0.2209756 0.2356543 0.2386894 0.2348126 0.2429362 0.2591689 0.2632277 0.3184350 0.2178013 0.2624331 0.2431729 0.1935517 0.2329264 0.2351750 0.1163107 0.2193323 0.2473084 0.0000000 0.2761598 0.2599331 0.2275085 0.2444313 0.4718285 
02A                            0.2933992 0.1632139 0.1908712 0.1917068 0.2406366 0.1161543 0.2180746 0.2296320 0.2389987 0.2074970 0.1996160 0.1197077 0.1909115 0.2139744 0.2104793 0.2070880 0.2176217 0.0690427 0.1912458 0.2445411 0.2332888 0.2790209 0.2081294 0.1382057 0.2215597 0.2033297 0.2329385 0.2486623 0.2530282 0.2533542 0.1312985 0.2761598 0.0000000 0.2702286 0.1203579 0.1913894 0.3956136 
C2U                            0.1900612 0.2103930 0.2089788 0.1776560 0.2849834 0.2171090 0.1647570 0.1232891 0.1653907 0.1784142 0.1633986 0.2442147 0.1419022 0.1493032 0.1206245 0.1247668 0.2095929 0.2168991 0.1638220 0.1960046 0.1483890 0.1561201 0.1887540 0.2597785 0.2099667 0.1928725 0.2048928 0.1847644 0.2538095 0.1798202 0.2344252 0.2599331 0.2702286 0.0000000 0.2292448 0.1973712 0.3920907 
02B                            0.2617442 0.1734127 0.1901138 0.2082654 0.2614783 0.1980319 0.2220995 0.2081595 0.2340895 0.1883942 0.2027540 0.1046141 0.2177063 0.1821150 0.1880507 0.1848979 0.1744707 0.0511147 0.2250869 0.2483039 0.2272986 0.2371878 0.1989433 0.1359841 0.1842538 0.2204297 0.1792974 0.2032506 0.2550002 0.2439644 0.0879843 0.2275085 0.1203579 0.2292448 0.0000000 0.1810889 0.3543452 
01C                            0.2808773 0.1754748 0.1879009 0.2032109 0.2414658 0.1767691 0.2056630 0.1478119 0.2319196 0.1920061 0.1982006 0.2062870 0.1957737 0.1745834 0.1569863 0.2004854 0.0607470 0.1808754 0.1908787 0.2392123 0.1461697 0.2196246 0.1902602 0.2107116 0.0514306 0.2390047 0.0791197 0.2363273 0.2272877 0.2089637 0.1802400 0.2444313 0.1913894 0.1973712 0.1810889 0.0000000 0.4054088 
CPZ                            0.5305127 0.4276403 0.4108461 0.5182884 0.4472127 0.4784189 0.4581262 0.3885399 0.4319362 0.3758272 0.4288950 0.4223721 0.4165426 0.3939676 0.4069973 0.3674529 0.3892187 0.3381492 0.4551170 0.4158460 0.4130712 0.4023601 0.3805916 0.4963357 0.3880480 0.5022921 0.3813995 0.4408641 0.4572923 0.4128940 0.3631859 0.4718285 0.3956136 0.3920907 0.3543452 0.4054088 0.0000000 
