37
B.FR.83.HXBLAI_IIIB_BRU.K03455 0.0000000 0.1282593 0.1327608 0.1581249 0.1605236 0.1812046 0.0193362 0.1403011 0.0701617 0.1063456 0.0863861 0.1355654 0.1399973 0.1373807 0.1162087 0.1338344 0.1759384 0.1336602 0.1256012 0.0933961 0.1569047 0.1091403 0.1185931 0.1356262 0.1755709 0.1518152 0.1853621 0.1567560 0.1645732 0.1202102 0.1321301 0.1679278 0.1690449 0.1257332 0.1013272 0.2074910 0.4975316 
A                              0.1282593 0.0000000 0.0189674 0.0928861 0.0402178 0.0516053 0.1082941 0.1347616 0.1345457 0.1179999 0.0864404 0.1323331 0.1200664 0.1336432 0.1246642 0.1379771 0.0384873 0.0342035 0.1458601 0.1156323 0.1506473 0.1548335 0.1276590 0.1356277 0.0335730 0.0953806 0.0431792 0.0810606 0.0477844 0.1419761 0.0661623 0.0550322 0.0821060 0.1038353 0.1122603 0.0724947 0.5807640 
A1                             0.1327608 0.0189674 0.0000000 0.0965495 0.0478769 0.0771169 0.1123154 0.1393744 0.1461121 0.1292747 0.0960936 0.1226724 0.1177100 0.1172446 0.1202749 0.1419725 0.0568304 0.0317113 0.1479919 0.1263546 0.1411165 0.1608778 0.1389344 0.1475850 0.0514918 0.1050170 0.0512732 0.0972878 0.0605256 0.1537205 0.0632491 0.0422490 0.0796390 0.1009013 0.1164968 0.0942631 0.6151651 
A2                             0.1581249 0.0928861 0.0965495 0.0000000 0.1209554 0.1384688 0.1351433 0.1337483 0.1483840 0.1321204 0.1044455 0.1377351 0.1083878 0.1263532 0.1316658 0.1731327 0.1334877 0.1107500 0.1523892 0.1020898 0.1409024 0.1815034 0.1357279 0.1565524 0.1332247 0.0466707 0.1189918 0.0958530 0.1309082 0.1428383 0.1466859 0.1402997 0.1388820 0.1512855 0.1575839 0.1693412 0.5701590 
A3                             0.1605236 0.0402178 0.0478769 0.1209554 0.0000000 0.0918526 0.1301495 0.1475898 0.1626977 0.1413330 0.1046657 0.1454850 0.1220528 0.1508949 0.1514505 0.1724737 0.0666123 0.0609138 0.1719602 0.1455334 0.1651448 0.1855876 0.1509972 0.1604233 0.0668216 0.1222034 0.0653433 0.1165719 0.0815335 0.1648376 0.1039557 0.0836960 0.1074112 0.1277730 0.1432949 0.0890737 0.5985734 
A6                             0.1812046 0.0516053 0.0771169 0.1384688 0.0918526 0.0000000 0.1525267 0.1507727 0.1662654 0.1588531 0.1289976 0.1748350 0.1841002 0.1731990 0.1661857 0.2046266 0.0798746 0.0804896 0.2072342 0.1497575 0.1754821 0.1899023 0.1683237 0.1604424 0.0801420 0.1478829 0.0977948 0.1271322 0.0879197 0.1841119 0.1116278 0.1045692 0.0879133 0.1662869 0.1695619 0.1220477 0.6361688 
B                              0.0193362 0.1082941 0.1123154 0.1351433 0.1301495 0.1525267 0.0000000 0.1115045 0.0521357 0.0810293 0.0638381 0.1156827 0.1186299 0.1252731 0.0899147 0.1140602 0.1433618 0.1058766 0.1122679 0.0889110 0.1342628 0.0868871 0.0935785 0.1161159 0.1511968 0.1375368 0.1603004 0.1337151 0.1343029 0.0935280 0.1112240 0.1369763 0.1370111 0.0988183 0.0893551 0.1814885 0.5307687 
C                              0.1403011 0.1347616 0.1393744 0.1337483 0.1475898 0.1507727 0.1115045 0.0000000 0.1182488 0.1107632 0.0834209 0.1186751 0.1138898 0.1195763 0.0949136 0.1465074 0.1733496 0.1256400 0.1512302 0.1257109 0.0473292 0.1028038 0.1169303 0.1320351 0.1818740 0.1449546 0.1621124 0.1289177 0.1600944 0.1175021 0.1544420 0.1664719 0.1514506 0.0810934 0.1505362 0.1759657 0.5790680 
D                              0.0701617 0.1345457 0.1461121 0.1483840 0.1626977 0.1662654 0.0521357 0.1182488 0.0000000 0.0973991 0.0700243 0.1537207 0.1314003 0.1289710 0.1116139 0.1380017 0.1764965 0.1345457 0.1219517 0.0876053 0.1371772 0.0457481 0.1108035 0.1539354 0.1805105 0.1517470 0.1997057 0.1610355 0.1558668 0.1041042 0.1511858 0.1774987 0.1763822 0.1070808 0.1195429 0.2189285 0.6074580 
F1                             0.1063456 0.1179999 0.1292747 0.1321204 0.1413330 0.1588531 0.0810293 0.1107632 0.0973991 0.0000000 0.0444403 0.1484555 0.1238671 0.1452276 0.0797399 0.1256647 0.1563597 0.1246258 0.1105253 0.0498279 0.1568054 0.1229330 0.0168731 0.1392273 0.1646315 0.1418589 0.1648966 0.1661029 0.1536785 0.0237325 0.1397576 0.1485486 0.1529885 0.1074523 0.1429526 0.1878084 0.5342422 
F2                             0.0863861 0.0864404 0.0960936 0.1044455 0.1046657 0.1289976 0.0638381 0.0834209 0.0700243 0.0444403 0.0000000 0.1229292 0.0993944 0.1117276 0.0777351 0.1178335 0.1116356 0.0931954 0.0922442 0.0596206 0.1135247 0.0915953 0.0612403 0.1204411 0.1186510 0.1204003 0.1260551 0.1145950 0.1153272 0.0668257 0.1216996 0.1127238 0.1338706 0.0889496 0.1155002 0.1442894 0.5785603 
G                              0.1355654 0.1323331 0.1226724 0.1377351 0.1454850 0.1748350 0.1156827 0.1186751 0.1537207 0.1484555 0.1229292 0.0000000 0.1257323 0.1635651 0.1426435 0.1625579 0.1650490 0.0963029 0.1598909 0.1420260 0.1570310 0.1448393 0.1493244 0.0530895 0.1737984 0.1780451 0.1676138 0.1420752 0.1608814 0.1591279 0.1178312 0.1649554 0.1338696 0.1386448 0.1435059 0.1713745 0.6274889 
H                              0.1399973 0.1200664 0.1177100 0.1083878 0.1220528 0.1841002 0.1186299 0.1138898 0.1314003 0.1238671 0.0993944 0.1257323 0.0000000 0.0817083 0.1019269 0.1452898 0.1508889 0.1313612 0.1411546 0.1283935 0.1209921 0.1486161 0.1234750 0.1557528 0.1505887 0.1410548 0.1490227 0.1455753 0.1630192 0.1365832 0.1383845 0.1428586 0.1519988 0.0981017 0.1264068 0.1876279 0.5021539 
J                              0.1373807 0.1336432 0.1172446 0.1263532 0.1508949 0.1731990 0.1252731 0.1195763 0.1289710 0.1452276 0.1117276 0.1635651 0.0817083 0.0000000 0.1233970 0.1547433 0.1413832 0.1463581 0.1917583 0.1425364 0.1167324 0.1368133 0.1521659 0.1657305 0.1411013 0.1418711 0.1545635 0.1750413 0.1870596 0.1589265 0.1687530 0.1429185 0.1814702 0.1221849 0.1447635 0.1938988 0.5171530 
K                              0.1162087 0.1246642 0.1202749 0.1316658 0.1514505 0.1661857 0.0899147 0.0949136 0.1116139 0.0797399 0.0777351 0.1426435 0.1019269 0.1233970 0.0000000 0.1218577 0.1534042 0.1427292 0.0921747 0.1045519 0.1260601 0.1142591 0.0921069 0.1418283 0.1613660 0.1273075 0.1547975 0.1561372 0.1438044 0.0963527 0.1507457 0.1380210 0.1748970 0.0937289 0.1561399 0.1730020 0.4915606 
L                              0.1338344 0.1379771 0.1419725 0.1731327 0.1724737 0.2046266 0.1140602 0.1465074 0.1380017 0.1256647 0.1178335 0.1625579 0.1452898 0.1547433 0.1218577 0.0000000 0.1934856 0.1447563 0.1515337 0.1572538 0.1550565 0.1702344 0.1252643 0.1468689 0.1849044 0.1737592 0.1853517 0.1740212 0.1950975 0.1460526 0.1540491 0.1953932 0.1941955 0.1353311 0.1354859 0.2286481 0.5135568 
AE                             0.1759384 0.0384873 0.0568304 0.1334877 0.0666123 0.0798746 0.1433618 0.1733496 0.1764965 0.1563597 0.1116356 0.1650490 0.1508889 0.1413832 0.1534042 0.1934856 0.0000000 0.0709320 0.1916002 0.1601196 0.1956680 0.2097974 0.1645336 0.1714871 0.0040479 0.1486259 0.0622246 0.1422647 0.0743644 0.1806028 0.1164506 0.0850469 0.1144235 0.1515717 0.1656509 0.0310546 0.5700289 
AG                             0.1336602 0.0342035 0.0317113 0.1107500 0.0609138 0.0804896 0.1058766 0.1256400 0.1345457 0.1246258 0.0931954 0.0963029 0.1313612 0.1463581 0.1427292 0.1447563 0.0709320 0.0000000 0.1471441 0.1205431 0.1280236 0.1347018 0.1344552 0.1027322 0.0711687 0.1261637 0.0633379 0.0874142 0.0548977 0.1437322 0.0303954 0.0711603 0.0465701 0.1215280 0.0792839 0.1073914 0.6249646 
cpx                            0.1256012 0.1458601 0.1479919 0.1523892 0.1719602 0.2072342 0.1122679 0.1512302 0.1219517 0.1105253 0.0922442 0.1598909 0.1411546 0.1917583 0.0921747 0.1515337 0.1916002 0.1471441 0.0000000 0.1083818 0.1749891 0.1522878 0.1266355 0.1461617 0.1911969 0.1792841 0.2070483 0.1749038 0.1618023 0.1303715 0.1651470 0.1785957 0.2093957 0.1457971 0.1617507 0.2231515 0.6174475 
DF                             0.0933961 0.1156323 0.1263546 0.1020898 0.1455334 0.1497575 0.0889110 0.1257109 0.0876053 0.0498279 0.0596206 0.1420260 0.1283935 0.1425364 0.1045519 0.1572538 0.1601196 0.1205431 0.1083818 0.0000000 0.1441744 0.1194620 0.0527211 0.1443554 0.1597978 0.1108605 0.1600138 0.1329075 0.1462587 0.0581071 0.1324070 0.1525032 0.1455738 0.1344976 0.1321524 0.1981603 0.5971992 
BC                             0.1569047 0.1506473 0.1411165 0.1409024 0.1651448 0.1754821 0.1342628 0.0473292 0.1371772 0.1568054 0.1135247 0.1570310 0.1209921 0.1167324 0.1260601 0.1550565 0.1956680 0.1280236 0.1749891 0.1441744 0.0000000 0.1195904 0.1636789 0.1614503 0.1872758 0.1594951 0.1673791 0.1602161 0.1774641 0.1570868 0.1490520 0.1846823 0.1615844 0.1004449 0.1442509 0.2250753 0.6351827 
CD                             0.1091403 0.1548335 0.1608778 0.1815034 0.1855876 0.1899023 0.0868871 0.1028038 0.0457481 0.1229330 0.0915953 0.1448393 0.1486161 0.1368133 0.1142591 0.1702344 0.2097974 0.1347018 0.1522878 0.1194620 0.1195904 0.0000000 0.1378836 0.1472859 0.2141590 0.1871373 0.2016744 0.1595587 0.1868181 0.1304182 0.1518984 0.1776677 0.1845151 0.1030185 0.1529113 0.2368206 0.6381981 
BF                             0.1185931 0.1276590 0.1389344 0.1357279 0.1509972 0.1683237 0.0935785 0.1169303 0.1108035 0.0168731 0.0612403 0.1493244 0.1234750 0.1521659 0.0921069 0.1252643 0.1645336 0.1344552 0.1266355 0.0527211 0.1636789 0.1378836 0.0000000 0.1459698 0.1727472 0.1443829 0.1745550 0.1691415 0.1630974 0.0146813 0.1495039 0.1509198 0.1553073 0.1135985 0.1499432 0.1878388 0.5396761 
BG                             0.1356262 0.1356277 0.1475850 0.1565524 0.1604233 0.1604424 0.1161159 0.1320351 0.1539354 0.1392273 0.1204411 0.0530895 0.1557528 0.1657305 0.1418283 0.1468689 0.1714871 0.1027322 0.1461617 0.1443554 0.1614503 0.1472859 0.1459698 0.0000000 0.1801540 0.1666758 0.1714463 0.1420068 0.1628555 0.1555612 0.1242942 0.1741187 0.1532720 0.1308273 0.1401856 0.1878968 0.6217518 
01B                            0.1755709 0.0335730 0.0514918 0.1332247 0.0668216 0.0801420 0.1511968 0.1818740 0.1805105 0.1646315 0.1186510 0.1737984 0.1505887 0.1411013 0.1613660 0.1849044 0.0040479 0.0711687 0.1911969 0.1597978 0.1872758 0.2141590 0.1727472 0.1801540 0.0000000 0.1415543 0.0567804 0.1348869 0.0746091 0.1890568 0.1096170 0.0853300 0.1148387 0.1521380 0.1575424 0.0359494 0.5552166 
A2D                            0.1518152 0.0953806 0.1050170 0.0466707 0.1222034 0.1478829 0.1375368 0.1449546 0.1517470 0.1418589 0.1204003 0.1780451 0.1410548 0.1418711 0.1273075 0.1737592 0.1486259 0.1261637 0.1792841 0.1108605 0.1594951 0.1871373 0.1443829 0.1666758 0.1415543 0.0000000 0.1203161 0.1167011 0.1398914 0.1522484 0.1491365 0.1286082 0.1557048 0.1216796 0.1752284 0.1537766 0.5666352 
01A1                           0.1853621 0.0431792 0.0512732 0.1189918 0.0653433 0.0977948 0.1603004 0.1621124 0.1997057 0.1648966 0.1260551 0.1676138 0.1490227 0.1545635 0.1547975 0.1853517 0.0622246 0.0633379 0.2070483 0.1600138 0.1673791 0.2016744 0.1745550 0.1714463 0.0567804 0.1203161 0.0000000 0.1122491 0.0861044 0.1909440 0.1012577 0.0910628 0.1005157 0.1488993 0.1655728 0.0813172 0.6092814 
A5U                            0.1567560 0.0810606 0.0972878 0.0958530 0.1165719 0.1271322 0.1337151 0.1289177 0.1610355 0.1661029 0.1145950 0.1420752 0.1455753 0.1750413 0.1561372 0.1740212 0.1422647 0.0874142 0.1749038 0.1329075 0.1602161 0.1595587 0.1691415 0.1420068 0.1348869 0.1167011 0.1122491 0.0000000 0.1096500 0.1689840 0.0978057 0.1283135 0.1017245 0.1520379 0.1406715 0.1712602 0.4860685 
AD                             0.1645732 0.0477844 0.0605256 0.1309082 0.0815335 0.0879197 0.1343029 0.1600944 0.1558668 0.1536785 0.1153272 0.1608814 0.1630192 0.1870596 0.1438044 0.1950975 0.0743644 0.0548977 0.1618023 0.1462587 0.1774641 0.1868181 0.1630974 0.1628555 0.0746091 0.1398914 0.0861044 0.1096500 0.0000000 0.1711820 0.0887969 0.0857107 0.1068887 0.1501075 0.1471985 0.1082126 0.5718240 
BF1                            0.1202102 0.1419761 0.1537205 0.1428383 0.1648376 0.1841119 0.0935280 0.1175021 0.1041042 0.0237325 0.0668257 0.1591279 0.1365832 0.1589265 0.0963527 0.1460526 0.1806028 0.1437322 0.1303715 0.0581071 0.1570868 0.1304182 0.0146813 0.1555612 0.1890568 0.1522484 0.1909440 0.1689840 0.1711820 0.0000000 0.1590261 0.1662064 0.1650382 0.1141552 0.1598781 0.2045155 0.5726377 
02G                            0.1321301 0.0661623 0.0632491 0.1466859 0.1039557 0.1116278 0.1112240 0.1544420 0.1511858 0.1397576 0.1216996 0.1178312 0.1383845 0.1687530 0.1507457 0.1540491 0.1164506 0.0303954 0.1651470 0.1324070 0.1490520 0.1518984 0.1495039 0.1242942 0.1096170 0.1491365 0.1012577 0.0978057 0.0887969 0.1590261 0.0000000 0.0961860 0.0520089 0.1384270 0.0744658 0.1450907 0.5957514 
A1D                            0.1679278 0.0550322 0.0422490 0.1402997 0.0836960 0.1045692 0.1369763 0.1664719 0.1774987 0.1485486 0.1127238 0.1649554 0.1428586 0.1429185 0.1380210 0.1953932 0.0850469 0.0711603 0.1785957 0.1525032 0.1846823 0.1776677 0.1509198 0.1741187 0.0853300 0.1286082 0.0910628 0.1283135 0.0857107 0.1662064 0.0961860 0.0000000 0.1078761 0.1241328 0.1505750 0.1204790 0.6274927 
02A                            0.1690449 0.0821060 0.0796390 0.1388820 0.1074112 0.0879133 0.1370111 0.1514506 0.1763822 0.1529885 0.1338706 0.1338696 0.1519988 0.1814702 0.1748970 0.1941955 0.1144235 0.0465701 0.2093957 0.1455738 0.1615844 0.1845151 0.1553073 0.1532720 0.1148387 0.1557048 0.1005157 0.1017245 0.1068887 0.1650382 0.0520089 0.1078761 0.0000000 0.1504612 0.1157727 0.1497154 0.6046230 
C2U                            0.1257332 0.1038353 0.1009013 0.1512855 0.1277730 0.1662869 0.0988183 0.0810934 0.1070808 0.1074523 0.0889496 0.1386448 0.0981017 0.1221849 0.0937289 0.1353311 0.1515717 0.1215280 0.1457971 0.1344976 0.1004449 0.1030185 0.1135985 0.1308273 0.1521380 0.1216796 0.1488993 0.1520379 0.1501075 0.1141552 0.1384270 0.1241328 0.1504612 0.0000000 0.1460875 0.1597208 0.5786961 
02B                            0.1013272 0.1122603 0.1164968 0.1575839 0.1432949 0.1695619 0.0893551 0.1505362 0.1195429 0.1429526 0.1155002 0.1435059 0.1264068 0.1447635 0.1561399 0.1354859 0.1656509 0.0792839 0.1617507 0.1321524 0.1442509 0.1529113 0.1499432 0.1401856 0.1575424 0.1752284 0.1655728 0.1406715 0.1471985 0.1598781 0.0744658 0.1505750 0.1157727 0.1460875 0.0000000 0.2178692 0.5523698 
01C                            0.2074910 0.0724947 0.0942631 0.1693412 0.0890737 0.1220477 0.1814885 0.1759657 0.2189285 0.1878084 0.1442894 0.1713745 0.1876279 0.1938988 0.1730020 0.2286481 0.0310546 0.1073914 0.2231515 0.1981603 0.2250753 0.2368206 0.1878388 0.1878968 0.0359494 0.1537766 0.0813172 0.1712602 0.1082126 0.2045155 0.1450907 0.1204790 0.1497154 0.1597208 0.2178692 0.0000000 0.6043569 
CPZ                            0.4975316 0.5807640 0.6151651 0.5701590 0.5985734 0.6361688 0.5307687 0.5790680 0.6074580 0.5342422 0.5785603 0.6274889 0.5021539 0.5171530 0.4915606 0.5135568 0.5700289 0.6249646 0.6174475 0.5971992 0.6351827 0.6381981 0.5396761 0.6217518 0.5552166 0.5666352 0.6092814 0.4860685 0.5718240 0.5726377 0.5957514 0.6274927 0.6046230 0.5786961 0.5523698 0.6043569 0.0000000 
