37
B.FR.83.HXBLAI_IIIB_BRU.K03455 0.0000000 0.3334287 0.3369557 0.4054980 0.3854217 0.3257823 0.0840866 0.4030103 0.2004861 0.3285243 0.2954547 0.3253303 0.3508351 0.2470823 0.3568123 0.3164225 0.3568492 0.3920297 0.4170350 0.3002367 0.1500153 0.4034845 0.1763167 0.3388849 0.3362683 0.4054668 0.3476339 0.2831837 0.3823844 0.3671435 0.3736389 0.3016086 0.3621354 0.4043629 0.4272951 0.4067013 0.8595462 
A                              0.3334287 0.0000000 0.0553863 0.1717253 0.1094035 0.1164424 0.2389421 0.3159789 0.2317006 0.2871267 0.2787853 0.1665558 0.2568142 0.2472237 0.3499502 0.2625477 0.1194781 0.1746915 0.0965226 0.2384684 0.2462261 0.3524234 0.3001723 0.2136502 0.1252463 0.1831280 0.1319950 0.1721388 0.1213023 0.3143310 0.2185276 0.3746344 0.1921018 0.3111561 0.1907777 0.1329386 0.8416349 
A1                             0.3369557 0.0553863 0.0000000 0.1895677 0.1238184 0.1197079 0.2429276 0.3191640 0.2185025 0.2737961 0.2677259 0.2058370 0.2728646 0.2446960 0.3199587 0.2672102 0.1500425 0.2087535 0.1525306 0.2432963 0.2450542 0.3493376 0.2836114 0.2699726 0.1575690 0.1886233 0.1539893 0.1742898 0.0862621 0.3022297 0.2439584 0.3290828 0.1991146 0.2899303 0.2340873 0.1757764 0.8977035 
A2                             0.4054980 0.1717253 0.1895677 0.0000000 0.2376265 0.2320476 0.2919774 0.3728282 0.2492592 0.3655096 0.3337724 0.2424388 0.3065849 0.2742852 0.3818438 0.3229843 0.2525068 0.2368220 0.2292138 0.2853228 0.3080321 0.3720621 0.3325572 0.2944064 0.2536633 0.0963005 0.2067820 0.1953163 0.2418675 0.3347223 0.2858604 0.4513683 0.2398680 0.3514138 0.2649671 0.2709724 0.8251595 
A3                             0.3854217 0.1094035 0.1238184 0.2376265 0.0000000 0.1820757 0.2877328 0.3722709 0.3038838 0.3551162 0.3006336 0.2116769 0.3284027 0.3173893 0.3555980 0.2728247 0.2007916 0.2001399 0.1877331 0.3138045 0.2920975 0.3898330 0.3220787 0.2626509 0.2009196 0.2231065 0.1912981 0.1953840 0.1769494 0.3634479 0.2865617 0.4383576 0.2095893 0.3459974 0.2240665 0.2247731 0.8873215 
A6                             0.3257823 0.1164424 0.1197079 0.2320476 0.1820757 0.0000000 0.2289416 0.3578373 0.2417187 0.3362842 0.3082487 0.2423355 0.2920740 0.2412278 0.3569054 0.2848949 0.1901503 0.2188922 0.1962323 0.3178182 0.2374199 0.3644071 0.2951931 0.3051625 0.2089544 0.2146569 0.1914801 0.2234242 0.2306293 0.3918710 0.2658143 0.4224711 0.1707204 0.3414457 0.2372401 0.2054433 0.8839768 
B                              0.0840866 0.2389421 0.2429276 0.2919774 0.2877328 0.2289416 0.0000000 0.3137971 0.1072351 0.2395621 0.2232893 0.2412932 0.2886486 0.1912982 0.2652722 0.2406481 0.3045857 0.2855224 0.2891275 0.2035724 0.0781034 0.3222176 0.1080765 0.2744160 0.2868473 0.2897458 0.2702225 0.2306072 0.3047714 0.2631395 0.3031460 0.2631813 0.2543635 0.3048108 0.3095352 0.3384331 0.8417378 
C                              0.4030103 0.3159789 0.3191640 0.3728282 0.3722709 0.3578373 0.3137971 0.0000000 0.3180737 0.3415183 0.3427070 0.4014787 0.2802209 0.3236867 0.3105120 0.3140278 0.4194170 0.4808226 0.3714163 0.3274864 0.3138721 0.0717536 0.3488391 0.5019863 0.4188455 0.3593474 0.4011322 0.3822468 0.3698469 0.3851866 0.4571859 0.4495701 0.4693489 0.2032654 0.4903695 0.4638748 0.9115375 
D                              0.2004861 0.2317006 0.2185025 0.2492592 0.3038838 0.2417187 0.1072351 0.3180737 0.0000000 0.2365413 0.2247632 0.2723279 0.3018939 0.2265260 0.2723214 0.3002550 0.2990226 0.2978552 0.2597819 0.1818033 0.1675544 0.3032429 0.1676342 0.3204070 0.2922731 0.2380301 0.2604025 0.2487323 0.2634579 0.2632817 0.3216139 0.1561716 0.2770631 0.3052872 0.3170593 0.3043613 0.9135393 
F1                             0.3285243 0.2871267 0.2737961 0.3655096 0.3551162 0.3362842 0.2395621 0.3415183 0.2365413 0.0000000 0.0926044 0.3420875 0.2840669 0.2851311 0.2245560 0.2822136 0.3670248 0.3813726 0.3393000 0.1020344 0.3054598 0.3529539 0.1461015 0.3816649 0.3351891 0.3632501 0.3438721 0.3284929 0.3341439 0.0552687 0.3611750 0.3931340 0.3518006 0.3188693 0.3982708 0.3993087 0.9403399 
F2                             0.2954547 0.2787853 0.2677259 0.3337724 0.3006336 0.3082487 0.2232893 0.3427070 0.2247632 0.0926044 0.0000000 0.2987079 0.2979609 0.2270744 0.2098163 0.2833760 0.3168651 0.3797950 0.3105866 0.1181429 0.2774028 0.3468487 0.1763205 0.3306139 0.2809267 0.3094830 0.3222924 0.2919713 0.3223686 0.1295303 0.3200447 0.3768007 0.3343911 0.2955555 0.3867474 0.3318978 0.7309703 
G                              0.3253303 0.1665558 0.2058370 0.2424388 0.2116769 0.2423355 0.2412932 0.4014787 0.2723279 0.3420875 0.2987079 0.0000000 0.3336394 0.2894998 0.3241507 0.3261112 0.1664662 0.1610947 0.1762420 0.2777870 0.2613406 0.4032378 0.2883724 0.0750156 0.1706451 0.2336820 0.1592246 0.1904564 0.2845905 0.3690211 0.0845506 0.4117157 0.1673737 0.3522480 0.1710996 0.1898257 0.7516867 
H                              0.3508351 0.2568142 0.2728646 0.3065849 0.3284027 0.2920740 0.2886486 0.2802209 0.3018939 0.2840669 0.2979609 0.3336394 0.0000000 0.2235027 0.2409272 0.2938390 0.3269382 0.3212035 0.3428192 0.2799313 0.3087529 0.2970558 0.3395973 0.3783077 0.3320133 0.2902318 0.3202193 0.3250215 0.3577628 0.3293251 0.3398979 0.3978396 0.3021154 0.3108927 0.3468117 0.3586809 0.7788270 
J                              0.2470823 0.2472237 0.2446960 0.2742852 0.3173893 0.2412278 0.1912982 0.3236867 0.2265260 0.2851311 0.2270744 0.2894998 0.2235027 0.0000000 0.2678635 0.2442880 0.2677101 0.3331081 0.3126136 0.2602351 0.2650187 0.3393373 0.2441050 0.3602811 0.2838952 0.2385065 0.2715456 0.2285834 0.2838676 0.3367537 0.3051073 0.3785202 0.2833501 0.3464546 0.3449740 0.3043792 0.7580860 
K                              0.3568123 0.3499502 0.3199587 0.3818438 0.3555980 0.3569054 0.2652722 0.3105120 0.2723214 0.2245560 0.2098163 0.3241507 0.2409272 0.2678635 0.0000000 0.2989314 0.4005818 0.3961233 0.4005616 0.1983366 0.3272938 0.3342212 0.2562485 0.3651205 0.3708350 0.3418136 0.4058110 0.3447741 0.4151024 0.2402254 0.3511787 0.3803392 0.3818881 0.2504870 0.4327842 0.4043581 0.8584983 
L                              0.3164225 0.2625477 0.2672102 0.3229843 0.2728247 0.2848949 0.2406481 0.3140278 0.3002550 0.2822136 0.2833760 0.3261112 0.2938390 0.2442880 0.2989314 0.0000000 0.3447360 0.3457931 0.3419360 0.2775887 0.2897367 0.3382659 0.3098765 0.3943911 0.3402820 0.2998930 0.3108183 0.2816203 0.3067009 0.2740966 0.3613389 0.4030965 0.3102614 0.2804861 0.3401859 0.3733095 0.7324487 
AE                             0.3568492 0.1194781 0.1500425 0.2525068 0.2007916 0.1901503 0.3045857 0.4194170 0.2990226 0.3670248 0.3168651 0.1664662 0.3269382 0.2677101 0.4005818 0.3447360 0.0000000 0.2532923 0.1129922 0.3235447 0.3026776 0.4552343 0.3269162 0.2132255 0.0295945 0.2472275 0.0849035 0.1938912 0.1907852 0.4181332 0.1730766 0.4244466 0.2835834 0.3745434 0.2660886 0.0502064 0.8856133 
AG                             0.3920297 0.1746915 0.2087535 0.2368220 0.2001399 0.2188922 0.2855224 0.4808226 0.2978552 0.3813726 0.3797950 0.1610947 0.3212035 0.3331081 0.3961233 0.3457931 0.2532923 0.0000000 0.2543031 0.3740617 0.2820875 0.4797401 0.3154323 0.1961669 0.2664868 0.2170620 0.2451868 0.2242862 0.2615339 0.3637758 0.1608292 0.4116468 0.0857282 0.4109887 0.0482910 0.2926278 0.8108375 
cpx                            0.4170350 0.0965226 0.1525306 0.2292138 0.1877331 0.1962323 0.2891275 0.3714163 0.2597819 0.3393000 0.3105866 0.1762420 0.3428192 0.3126136 0.4005616 0.3419360 0.1129922 0.2543031 0.0000000 0.2716679 0.2991364 0.3912536 0.3286604 0.2177637 0.1214630 0.2546599 0.1237082 0.2293349 0.2103708 0.3709610 0.2216388 0.3850578 0.2903253 0.3820281 0.2542348 0.1373953 0.8723912 
DF                             0.3002367 0.2384684 0.2432963 0.2853228 0.3138045 0.3178182 0.2035724 0.3274864 0.1818033 0.1020344 0.1181429 0.2777870 0.2799313 0.2602351 0.1983366 0.2775887 0.3235447 0.3740617 0.2716679 0.0000000 0.2598564 0.3531890 0.2008096 0.3187408 0.2794698 0.2973884 0.3018720 0.2660063 0.2933545 0.1428274 0.3299449 0.3795817 0.3464557 0.3074561 0.3760183 0.3275198 0.8555840 
BC                             0.1500153 0.2462261 0.2450542 0.3080321 0.2920975 0.2374199 0.0781034 0.3138721 0.1675544 0.3054598 0.2774028 0.2613406 0.3087529 0.2650187 0.3272938 0.2897367 0.3026776 0.2820875 0.2991364 0.2598564 0.0000000 0.3287197 0.1887413 0.2784465 0.2834312 0.3132815 0.2809376 0.2691609 0.3062856 0.3478746 0.3074475 0.3239904 0.2467781 0.3187139 0.3159685 0.3337466 0.8346883 
CD                             0.4034845 0.3524234 0.3493376 0.3720621 0.3898330 0.3644071 0.3222176 0.0717536 0.3032429 0.3529539 0.3468487 0.4032378 0.2970558 0.3393373 0.3342212 0.3382659 0.4552343 0.4797401 0.3912536 0.3531890 0.3287197 0.0000000 0.3482255 0.4729708 0.4410987 0.3730123 0.4426521 0.3872580 0.3898730 0.3728293 0.4930855 0.4346489 0.4652517 0.2062685 0.5034908 0.4845257 0.9198399 
BF                             0.1763167 0.3001723 0.2836114 0.3325572 0.3220787 0.2951931 0.1080765 0.3488391 0.1676342 0.1461015 0.1763205 0.2883724 0.3395973 0.2441050 0.2562485 0.3098765 0.3269162 0.3154323 0.3286604 0.2008096 0.1887413 0.3482255 0.0000000 0.3164254 0.3084513 0.3218614 0.3163755 0.2849526 0.3296140 0.1655414 0.3326939 0.3264625 0.3315400 0.3363952 0.3351022 0.3640252 0.9560123 
BG                             0.3388849 0.2136502 0.2699726 0.2944064 0.2626509 0.3051625 0.2744160 0.5019863 0.3204070 0.3816649 0.3306139 0.0750156 0.3783077 0.3602811 0.3651205 0.3943911 0.2132255 0.1961669 0.2177637 0.3187408 0.2784465 0.4729708 0.3164254 0.0000000 0.1814567 0.2806562 0.2145431 0.2314249 0.3195078 0.4272363 0.1448911 0.4294500 0.2159883 0.4203987 0.2210019 0.2241279 0.8107072 
01B                            0.3362683 0.1252463 0.1575690 0.2536633 0.2009196 0.2089544 0.2868473 0.4188455 0.2922731 0.3351891 0.2809267 0.1706451 0.3320133 0.2838952 0.3708350 0.3402820 0.0295945 0.2664868 0.1214630 0.2794698 0.2834312 0.4410987 0.3084513 0.1814567 0.0000000 0.2624614 0.1077532 0.2079424 0.2064090 0.3730746 0.1773520 0.4136743 0.2797522 0.3742181 0.2719094 0.0720728 0.8375405 
A2D                            0.4054668 0.1831280 0.1886233 0.0963005 0.2231065 0.2146569 0.2897458 0.3593474 0.2380301 0.3632501 0.3094830 0.2336820 0.2902318 0.2385065 0.3418136 0.2998930 0.2472275 0.2170620 0.2546599 0.2973884 0.3132815 0.3730123 0.3218614 0.2806562 0.2624614 0.0000000 0.2580508 0.1890659 0.2454640 0.3804216 0.2581878 0.3904867 0.2093107 0.3368702 0.2145020 0.2676204 0.7992021 
01A1                           0.3476339 0.1319950 0.1539893 0.2067820 0.1912981 0.1914801 0.2702225 0.4011322 0.2604025 0.3438721 0.3222924 0.1592246 0.3202193 0.2715456 0.4058110 0.3108183 0.0849035 0.2451868 0.1237082 0.3018720 0.2809376 0.4426521 0.3163755 0.2145431 0.1077532 0.2580508 0.0000000 0.2045826 0.1899682 0.3457472 0.2174876 0.4037622 0.2669891 0.3844061 0.2657462 0.1326001 0.8665947 
A5U                            0.2831837 0.1721388 0.1742898 0.1953163 0.1953840 0.2234242 0.2306072 0.3822468 0.2487323 0.3284929 0.2919713 0.1904564 0.3250215 0.2285834 0.3447741 0.2816203 0.1938912 0.2242862 0.2293349 0.2660063 0.2691609 0.3872580 0.2849526 0.2314249 0.2079424 0.1890659 0.2045826 0.0000000 0.2522013 0.3631125 0.2405000 0.4275760 0.2244400 0.3226091 0.2433210 0.2272311 0.8267539 
AD                             0.3823844 0.1213023 0.0862621 0.2418675 0.1769494 0.2306293 0.3047714 0.3698469 0.2634579 0.3341439 0.3223686 0.2845905 0.3577628 0.2838676 0.4151024 0.3067009 0.1907852 0.2615339 0.2103708 0.2933545 0.3062856 0.3898730 0.3296140 0.3195078 0.2064090 0.2454640 0.1899682 0.2522013 0.0000000 0.3506669 0.3260710 0.3448281 0.2922899 0.3439444 0.3055213 0.2376927 1.1445179 
BF1                            0.3671435 0.3143310 0.3022297 0.3347223 0.3634479 0.3918710 0.2631395 0.3851866 0.2632817 0.0552687 0.1295303 0.3690211 0.3293251 0.3367537 0.2402254 0.2740966 0.4181332 0.3637758 0.3709610 0.1428274 0.3478746 0.3728293 0.1655414 0.4272363 0.3730746 0.3804216 0.3457472 0.3631125 0.3506669 0.0000000 0.3752225 0.4119391 0.3828784 0.3432338 0.4018089 0.4544665 0.8292201 
02G                            0.3736389 0.2185276 0.2439584 0.2858604 0.2865617 0.2658143 0.3031460 0.4571859 0.3216139 0.3611750 0.3200447 0.0845506 0.3398979 0.3051073 0.3511787 0.3613389 0.1730766 0.1608292 0.2216388 0.3299449 0.3074475 0.4930855 0.3326939 0.1448911 0.1773520 0.2581878 0.2174876 0.2405000 0.3260710 0.3752225 0.0000000 0.4522966 0.1709849 0.4391885 0.1741520 0.1952986 0.7786505 
A1D                            0.3016086 0.3746344 0.3290828 0.4513683 0.4383576 0.4224711 0.2631813 0.4495701 0.1561716 0.3931340 0.3768007 0.4117157 0.3978396 0.3785202 0.3803392 0.4030965 0.4244466 0.4116468 0.3850578 0.3795817 0.3239904 0.4346489 0.3264625 0.4294500 0.4136743 0.3904867 0.4037622 0.4275760 0.3448281 0.4119391 0.4522966 0.0000000 0.4059622 0.4128400 0.4400430 0.4335704 0.9374877 
02A                            0.3621354 0.1921018 0.1991146 0.2398680 0.2095893 0.1707204 0.2543635 0.4693489 0.2770631 0.3518006 0.3343911 0.1673737 0.3021154 0.2833501 0.3818881 0.3102614 0.2835834 0.0857282 0.2903253 0.3464557 0.2467781 0.4652517 0.3315400 0.2159883 0.2797522 0.2093107 0.2669891 0.2244400 0.2922899 0.3828784 0.1709849 0.4059622 0.0000000 0.3866851 0.1102805 0.3104017 0.8007298 
C2U                            0.4043629 0.3111561 0.2899303 0.3514138 0.3459974 0.3414457 0.3048108 0.2032654 0.3052872 0.3188693 0.2955555 0.3522480 0.3108927 0.3464546 0.2504870 0.2804861 0.3745434 0.4109887 0.3820281 0.3074561 0.3187139 0.2062685 0.3363952 0.4203987 0.3742181 0.3368702 0.3844061 0.3226091 0.3439444 0.3432338 0.4391885 0.4128400 0.3866851 0.0000000 0.4167929 0.3946604 0.9272608 
02B                            0.4272951 0.1907777 0.2340873 0.2649671 0.2240665 0.2372401 0.3095352 0.4903695 0.3170593 0.3982708 0.3867474 0.1710996 0.3468117 0.3449740 0.4327842 0.3401859 0.2660886 0.0482910 0.2542348 0.3760183 0.3159685 0.5034908 0.3351022 0.2210019 0.2719094 0.2145020 0.2657462 0.2433210 0.3055213 0.4018089 0.1741520 0.4400430 0.1102805 0.4167929 0.0000000 0.3026404 0.8594968 
01C                            0.4067013 0.1329386 0.1757764 0.2709724 0.2247731 0.2054433 0.3384331 0.4638748 0.3043613 0.3993087 0.3318978 0.1898257 0.3586809 0.3043792 0.4043581 0.3733095 0.0502064 0.2926278 0.1373953 0.3275198 0.3337466 0.4845257 0.3640252 0.2241279 0.0720728 0.2676204 0.1326001 0.2272311 0.2376927 0.4544665 0.1952986 0.4335704 0.3104017 0.3946604 0.3026404 0.0000000 0.9783709 
CPZ                            0.8595462 0.8416349 0.8977035 0.8251595 0.8873215 0.8839768 0.8417378 0.9115375 0.9135393 0.9403399 0.7309703 0.7516867 0.7788270 0.7580860 0.8584983 0.7324487 0.8856133 0.8108375 0.8723912 0.8555840 0.8346883 0.9198399 0.9560123 0.8107072 0.8375405 0.7992021 0.8665947 0.8267539 1.1445179 0.8292201 0.7786505 0.9374877 0.8007298 0.9272608 0.8594968 0.9783709 0.0000000 
