37
B.FR.83.HXBLAI_IIIB_BRU.K03455 0.0000000 0.1107683 0.1266765 0.1115953 0.1170845 0.1457454 0.0262949 0.1096136 0.0459227 0.0788217 0.0820887 0.1246292 0.0965653 0.0795587 0.0785816 0.0985324 0.1242532 0.1244374 0.1238673 0.0907520 0.1111135 0.0615416 0.1143661 0.1511075 0.1242532 0.1231319 0.1278823 0.1091292 0.1285607 0.1124008 0.1215058 0.1148175 0.1189130 0.0923534 0.0517728 0.1359872 0.2074477 
A                              0.1107683 0.0000000 0.0192054 0.0726737 0.0240091 0.0263854 0.0984291 0.0628994 0.0742590 0.0774324 0.0712161 0.0827928 0.0746248 0.0666092 0.0863062 0.0521719 0.0281107 0.0715204 0.0902684 0.0848043 0.0645443 0.0801753 0.1185904 0.0995259 0.0281107 0.0616191 0.0303688 0.0456545 0.0263295 0.1101977 0.0781844 0.0510362 0.0532547 0.0740988 0.1104000 0.0402789 0.2036069 
A1                             0.1266765 0.0192054 0.0000000 0.0891419 0.0390046 0.0390830 0.1133580 0.0783619 0.0753042 0.0875745 0.0752342 0.1010328 0.0850234 0.0763357 0.0904128 0.0613169 0.0406451 0.0883805 0.1086359 0.0889491 0.0798349 0.0813220 0.1310080 0.1191949 0.0406451 0.0837554 0.0332356 0.0542175 0.0237079 0.1220761 0.0889365 0.0439610 0.0686674 0.0902932 0.1300285 0.0538313 0.2285905 
A2                             0.1115953 0.0726737 0.0891419 0.0000000 0.0983729 0.0861345 0.0990448 0.0861150 0.0865036 0.0917899 0.0910337 0.1055040 0.0869510 0.0798384 0.1010040 0.0797440 0.0937233 0.0923986 0.1029839 0.0997115 0.0913288 0.0927415 0.1005078 0.1304949 0.0937233 0.0190603 0.0816559 0.0682422 0.0960051 0.0989575 0.0997109 0.0974317 0.1023654 0.0821251 0.1066080 0.1042151 0.1791537 
A3                             0.1170845 0.0240091 0.0390046 0.0983729 0.0000000 0.0496724 0.1078535 0.0788645 0.0798487 0.0905311 0.0838679 0.0827592 0.0813386 0.0724185 0.0924425 0.0658312 0.0510608 0.0778853 0.1048593 0.0910223 0.0864937 0.0858523 0.1346159 0.0988006 0.0510608 0.0863990 0.0440888 0.0533937 0.0420120 0.1255204 0.0813573 0.0784828 0.0709589 0.0865691 0.1136523 0.0594128 0.1944140 
A6                             0.1457454 0.0263854 0.0390830 0.0861345 0.0496724 0.0000000 0.1239322 0.0898290 0.0905711 0.1066399 0.0988313 0.1094918 0.1100881 0.1008665 0.1162587 0.0900461 0.0544200 0.1080597 0.1120251 0.0790243 0.0973117 0.0908489 0.1352228 0.1271127 0.0544200 0.0804260 0.0548480 0.0637231 0.0474027 0.1260951 0.1164335 0.0814572 0.0314693 0.1160689 0.1375880 0.0688590 0.1945780 
B                              0.0262949 0.0984291 0.1133580 0.0990448 0.1078535 0.1239322 0.0000000 0.0940942 0.0380673 0.0713860 0.0685922 0.0998311 0.0946686 0.0745176 0.0654010 0.0872920 0.1149682 0.1073671 0.1140105 0.0709294 0.0957433 0.0530994 0.1120687 0.1318724 0.1149682 0.1098454 0.1181896 0.1002831 0.1185256 0.1101842 0.1116477 0.0954096 0.0963362 0.0842151 0.0309112 0.1261606 0.1883977 
C                              0.1096136 0.0628994 0.0783619 0.0861150 0.0788645 0.0898290 0.0940942 0.0000000 0.0735431 0.0460484 0.0561142 0.0843823 0.0681221 0.0559748 0.0699919 0.0512875 0.0828721 0.0821960 0.0821711 0.0685883 0.0147731 0.0624579 0.0871601 0.0974834 0.0828721 0.0867930 0.0676990 0.0568750 0.0824183 0.0800302 0.0955440 0.0792354 0.0851088 0.0589748 0.1126995 0.0991748 0.1763489 
D                              0.0459227 0.0742590 0.0753042 0.0865036 0.0798487 0.0905711 0.0380673 0.0735431 0.0000000 0.0559808 0.0556059 0.0839102 0.0739168 0.0501221 0.0580397 0.0667387 0.0910370 0.0848389 0.1036188 0.0525925 0.0753243 0.0166837 0.0922911 0.1133962 0.0910370 0.0871938 0.0831229 0.0735786 0.0762404 0.0908784 0.0821276 0.0771091 0.0767127 0.0591013 0.0541591 0.1011359 0.1714735 
F1                             0.0788217 0.0774324 0.0875745 0.0917899 0.0905311 0.1066399 0.0713860 0.0460484 0.0559808 0.0000000 0.0213274 0.0966228 0.0674615 0.0527069 0.0427756 0.0669291 0.0961242 0.0972413 0.0627485 0.0360318 0.0581819 0.0561054 0.0358634 0.1066324 0.0961242 0.0985534 0.0822612 0.0620197 0.0984447 0.0306955 0.1011406 0.0885974 0.0927799 0.0641082 0.0849490 0.1128255 0.1628768 
F2                             0.0820887 0.0712161 0.0752342 0.0910337 0.0838679 0.0988313 0.0685922 0.0561142 0.0556059 0.0213274 0.0000000 0.0831235 0.0616259 0.0471326 0.0282162 0.0559367 0.0936072 0.0903578 0.0602485 0.0358154 0.0631771 0.0609350 0.0565108 0.0992698 0.0936072 0.0917616 0.0704830 0.0671611 0.0914771 0.0506278 0.0940908 0.0824497 0.0901754 0.0636596 0.0819805 0.1103044 0.1777568 
G                              0.1246292 0.0827928 0.1010328 0.1055040 0.0827592 0.1094918 0.0998311 0.0843823 0.0839102 0.0966228 0.0831235 0.0000000 0.0915216 0.0772827 0.0858586 0.0861662 0.1115139 0.0194434 0.0686083 0.0908594 0.0861788 0.0903617 0.1517349 0.0310084 0.1115139 0.0998425 0.0946323 0.0738934 0.1066219 0.1416283 0.0264916 0.1095109 0.0788841 0.0808742 0.0885308 0.1233704 0.2126418 
H                              0.0965653 0.0746248 0.0850234 0.0869510 0.0813386 0.1100881 0.0946686 0.0681221 0.0739168 0.0674615 0.0616259 0.0915216 0.0000000 0.0614194 0.0818079 0.0679029 0.0974869 0.0922796 0.0918754 0.0802784 0.0754442 0.0680040 0.0994104 0.1081036 0.0974869 0.0816913 0.0794739 0.0701667 0.0917053 0.0918718 0.0961424 0.0964698 0.1051241 0.0702554 0.1030118 0.1078904 0.1852549 
J                              0.0795587 0.0666092 0.0763357 0.0798384 0.0724185 0.1008665 0.0745176 0.0559748 0.0501221 0.0527069 0.0471326 0.0772827 0.0614194 0.0000000 0.0548462 0.0612397 0.0828883 0.0721329 0.0886678 0.0672089 0.0633525 0.0610092 0.0898183 0.1003232 0.0828883 0.0807908 0.0631199 0.0652795 0.0867508 0.0824044 0.0756281 0.0896966 0.0986562 0.0581720 0.0952686 0.0991743 0.2134082 
K                              0.0785816 0.0863062 0.0904128 0.1010040 0.0924425 0.1162587 0.0654010 0.0699919 0.0580397 0.0427756 0.0282162 0.0858586 0.0818079 0.0548462 0.0000000 0.0752541 0.1097300 0.0867260 0.0691138 0.0533785 0.0717749 0.0687032 0.0766876 0.1020610 0.1097300 0.1018653 0.0911132 0.0817228 0.1018455 0.0755786 0.0903578 0.0981199 0.0999979 0.0723528 0.0846825 0.1274732 0.2014855 
L                              0.0985324 0.0521719 0.0613169 0.0797440 0.0658312 0.0900461 0.0872920 0.0512875 0.0667387 0.0669291 0.0559367 0.0861662 0.0679029 0.0612397 0.0752541 0.0000000 0.0734007 0.0870327 0.0910269 0.0736677 0.0583499 0.0669020 0.1050338 0.1025275 0.0734007 0.0746099 0.0543656 0.0619924 0.0706350 0.0973643 0.0906986 0.0800415 0.0941568 0.0585940 0.0980701 0.0889314 0.1889922 
AE                             0.1242532 0.0281107 0.0406451 0.0937233 0.0510608 0.0544200 0.1149682 0.0828721 0.0910370 0.0961242 0.0936072 0.1115139 0.0974869 0.0828883 0.1097300 0.0734007 0.0000000 0.0918817 0.1138664 0.1085792 0.0785965 0.0972465 0.1389026 0.1221949 0.0000010 0.0949182 0.0452439 0.0660712 0.0488415 0.1301223 0.0991477 0.0761833 0.0747010 0.0966716 0.1274182 0.0145307 0.2315663 
AG                             0.1244374 0.0715204 0.0883805 0.0923986 0.0778853 0.1080597 0.1073671 0.0821960 0.0848389 0.0972413 0.0903578 0.0194434 0.0922796 0.0721329 0.0867260 0.0870327 0.0918817 0.0000000 0.0582435 0.0981875 0.0778258 0.0911397 0.1505790 0.0309160 0.0918817 0.0935940 0.0827818 0.0690884 0.0933417 0.1408627 0.0125619 0.0964781 0.0716573 0.0818705 0.0960083 0.1024934 0.2183006 
cpx                            0.1238673 0.0902684 0.1086359 0.1029839 0.1048593 0.1120251 0.1140105 0.0821711 0.1036188 0.0627485 0.0602485 0.0686083 0.0918754 0.0886678 0.0691138 0.0910269 0.1138664 0.0582435 0.0000000 0.0855510 0.0898716 0.1039700 0.0924309 0.0653809 0.1138664 0.0976683 0.0953042 0.0822089 0.1143704 0.0852246 0.0732240 0.1236591 0.0811054 0.1004660 0.1028410 0.1217591 0.1909731 
DF                             0.0907520 0.0848043 0.0889491 0.0997115 0.0910223 0.0790243 0.0709294 0.0685883 0.0525925 0.0360318 0.0358154 0.0908594 0.0802784 0.0672089 0.0533785 0.0736677 0.1085792 0.0981875 0.0855510 0.0000000 0.0759636 0.0578071 0.0691375 0.1007259 0.1085792 0.1068165 0.0897000 0.0744923 0.1000614 0.0626704 0.0954296 0.0967824 0.0773477 0.0765992 0.0843429 0.1266158 0.1774492 
BC                             0.1111135 0.0645443 0.0798349 0.0913288 0.0864937 0.0973117 0.0957433 0.0147731 0.0753243 0.0581819 0.0631771 0.0861788 0.0754442 0.0633525 0.0717749 0.0583499 0.0785965 0.0778258 0.0898716 0.0759636 0.0000000 0.0752448 0.1007984 0.1055114 0.0785965 0.0861769 0.0639195 0.0638214 0.0780384 0.0933478 0.0939846 0.0751047 0.0806367 0.0503749 0.1141632 0.0943477 0.1838832 
CD                             0.0615416 0.0801753 0.0813220 0.0927415 0.0858523 0.0908489 0.0530994 0.0624579 0.0166837 0.0561054 0.0609350 0.0903617 0.0680040 0.0610092 0.0687032 0.0669020 0.0972465 0.0911397 0.1039700 0.0578071 0.0752448 0.0000000 0.0986269 0.1138181 0.0972465 0.0996484 0.0892282 0.0737720 0.0764508 0.0911504 0.0884030 0.0886022 0.0885318 0.0646010 0.0649699 0.1076099 0.1724755 
BF                             0.1143661 0.1185904 0.1310080 0.1005078 0.1346159 0.1352228 0.1120687 0.0871601 0.0922911 0.0358634 0.0565108 0.1517349 0.0994104 0.0898183 0.0766876 0.1050338 0.1389026 0.1505790 0.0924309 0.0691375 0.1007984 0.0986269 0.0000000 0.1639092 0.1389026 0.1074734 0.1233146 0.0996949 0.1444512 0.0082929 0.1477880 0.1245736 0.1260274 0.0952776 0.1149994 0.1585672 0.1996503 
BG                             0.1511075 0.0995259 0.1191949 0.1304949 0.0988006 0.1271127 0.1318724 0.0974834 0.1133962 0.1066324 0.0992698 0.0310084 0.1081036 0.1003232 0.1020610 0.1025275 0.1221949 0.0309160 0.0653809 0.1007259 0.1055114 0.1138181 0.1639092 0.0000000 0.1221949 0.1248424 0.1117610 0.0894816 0.1255430 0.1533425 0.0434350 0.1420228 0.0928929 0.1100492 0.1191328 0.1345737 0.2247540 
01B                            0.1242532 0.0281107 0.0406451 0.0937233 0.0510608 0.0544200 0.1149682 0.0828721 0.0910370 0.0961242 0.0936072 0.1115139 0.0974869 0.0828883 0.1097300 0.0734007 0.0000010 0.0918817 0.1138664 0.1085792 0.0785965 0.0972465 0.1389026 0.1221949 0.0000000 0.0949182 0.0452439 0.0660712 0.0488415 0.1301223 0.0991477 0.0761833 0.0747010 0.0966716 0.1274182 0.0145307 0.2315663 
A2D                            0.1231319 0.0616191 0.0837554 0.0190603 0.0863990 0.0804260 0.1098454 0.0867930 0.0871938 0.0985534 0.0917616 0.0998425 0.0816913 0.0807908 0.1018653 0.0746099 0.0949182 0.0935940 0.0976683 0.1068165 0.0861769 0.0996484 0.1074734 0.1248424 0.0949182 0.0000000 0.0703592 0.0657974 0.0905493 0.1057717 0.0941949 0.0916652 0.0905859 0.0827495 0.1111382 0.0988104 0.1697986 
01A1                           0.1278823 0.0303688 0.0332356 0.0816559 0.0440888 0.0548480 0.1181896 0.0676990 0.0831229 0.0822612 0.0704830 0.0946323 0.0794739 0.0631199 0.0911132 0.0543656 0.0452439 0.0827818 0.0953042 0.0897000 0.0639195 0.0892282 0.1233146 0.1117610 0.0452439 0.0703592 0.0000000 0.0427733 0.0460431 0.1149539 0.0832692 0.0645225 0.0766497 0.0788996 0.1311849 0.0532404 0.2085533 
A5U                            0.1091292 0.0456545 0.0542175 0.0682422 0.0533937 0.0637231 0.1002831 0.0568750 0.0735786 0.0620197 0.0671611 0.0738934 0.0701667 0.0652795 0.0817228 0.0619924 0.0660712 0.0690884 0.0822089 0.0744923 0.0638214 0.0737720 0.0996949 0.0894816 0.0660712 0.0657974 0.0427733 0.0000000 0.0631780 0.0921335 0.0694559 0.0769858 0.0668216 0.0754413 0.1057428 0.0635953 0.1768237 
AD                             0.1285607 0.0263295 0.0237079 0.0960051 0.0420120 0.0474027 0.1185256 0.0824183 0.0762404 0.0984447 0.0914771 0.1066219 0.0917053 0.0867508 0.1018455 0.0706350 0.0488415 0.0933417 0.1143704 0.1000614 0.0780384 0.0764508 0.1444512 0.1255430 0.0488415 0.0905493 0.0460431 0.0631780 0.0000000 0.1349073 0.1010269 0.0692191 0.0725953 0.0825702 0.1327140 0.0599673 0.2593503 
BF1                            0.1124008 0.1101977 0.1220761 0.0989575 0.1255204 0.1260951 0.1101842 0.0800302 0.0908784 0.0306955 0.0506278 0.1416283 0.0918718 0.0824044 0.0755786 0.0973643 0.1301223 0.1408627 0.0852246 0.0626704 0.0933478 0.0911504 0.0082929 0.1533425 0.1301223 0.1057717 0.1149539 0.0921335 0.1349073 0.0000000 0.1380732 0.1188714 0.1176003 0.0879511 0.1129920 0.1490851 0.1874393 
02G                            0.1215058 0.0781844 0.0889365 0.0997109 0.0813573 0.1164335 0.1116477 0.0955440 0.0821276 0.1011406 0.0940908 0.0264916 0.0961424 0.0756281 0.0903578 0.0906986 0.0991477 0.0125619 0.0732240 0.0954296 0.0939846 0.0884030 0.1477880 0.0434350 0.0991477 0.0941949 0.0832692 0.0694559 0.1010269 0.1380732 0.0000000 0.0971052 0.0848576 0.0854737 0.0965171 0.1031800 0.2055282 
A1D                            0.1148175 0.0510362 0.0439610 0.0974317 0.0784828 0.0814572 0.0954096 0.0792354 0.0771091 0.0885974 0.0824497 0.1095109 0.0964698 0.0896966 0.0981199 0.0800415 0.0761833 0.0964781 0.1236591 0.0967824 0.0751047 0.0886022 0.1245736 0.1420228 0.0761833 0.0916652 0.0645225 0.0769858 0.0692191 0.1188714 0.0971052 0.0000000 0.0883374 0.0920158 0.1180209 0.0856506 0.2175312 
02A                            0.1189130 0.0532547 0.0686674 0.1023654 0.0709589 0.0314693 0.0963362 0.0851088 0.0767127 0.0927799 0.0901754 0.0788841 0.1051241 0.0986562 0.0999979 0.0941568 0.0747010 0.0716573 0.0811054 0.0773477 0.0806367 0.0885318 0.1260274 0.0928929 0.0747010 0.0905859 0.0766497 0.0668216 0.0725953 0.1176003 0.0848576 0.0883374 0.0000000 0.1002972 0.1149433 0.0842985 0.1726891 
C2U                            0.0923534 0.0740988 0.0902932 0.0821251 0.0865691 0.1160689 0.0842151 0.0589748 0.0591013 0.0641082 0.0636596 0.0808742 0.0702554 0.0581720 0.0723528 0.0585940 0.0966716 0.0818705 0.1004660 0.0765992 0.0503749 0.0646010 0.0952776 0.1100492 0.0966716 0.0827495 0.0788996 0.0754413 0.0825702 0.0879511 0.0854737 0.0920158 0.1002972 0.0000000 0.0890560 0.1008338 0.1870811 
02B                            0.0517728 0.1104000 0.1300285 0.1066080 0.1136523 0.1375880 0.0309112 0.1126995 0.0541591 0.0849490 0.0819805 0.0885308 0.1030118 0.0952686 0.0846825 0.0980701 0.1274182 0.0960083 0.1028410 0.0843429 0.1141632 0.0649699 0.1149994 0.1191328 0.1274182 0.1111382 0.1311849 0.1057428 0.1327140 0.1129920 0.0965171 0.1180209 0.1149433 0.0890560 0.0000000 0.1393212 0.2251065 
01C                            0.1359872 0.0402789 0.0538313 0.1042151 0.0594128 0.0688590 0.1261606 0.0991748 0.1011359 0.1128255 0.1103044 0.1233704 0.1078904 0.0991743 0.1274732 0.0889314 0.0145307 0.1024934 0.1217591 0.1266158 0.0943477 0.1076099 0.1585672 0.1345737 0.0145307 0.0988104 0.0532404 0.0635953 0.0599673 0.1490851 0.1031800 0.0856506 0.0842985 0.1008338 0.1393212 0.0000000 0.2392196 
CPZ                            0.2074477 0.2036069 0.2285905 0.1791537 0.1944140 0.1945780 0.1883977 0.1763489 0.1714735 0.1628768 0.1777568 0.2126418 0.1852549 0.2134082 0.2014855 0.1889922 0.2315663 0.2183006 0.1909731 0.1774492 0.1838832 0.1724755 0.1996503 0.2247540 0.2315663 0.1697986 0.2085533 0.1768237 0.2593503 0.1874393 0.2055282 0.2175312 0.1726891 0.1870811 0.2251065 0.2392196 0.0000000 
