37
B.FR.83.HXBLAI_IIIB_BRU.K03455 0.0000000 0.3536588 0.3515054 0.3412290 0.3920479 0.4046130 0.0759179 0.2892029 0.2038196 0.3016172 0.2700803 0.3031495 0.3453060 0.4820683 0.3833480 0.3610798 0.4187634 0.3150615 0.3176938 0.3551778 0.3419352 0.3175852 0.4344277 0.1300914 0.1043417 0.3566513 0.4363993 0.3940716 0.3589860 0.3259635 0.4364173 0.3714476 0.3815295 0.3233838 0.4011590 0.4974596 0.8555633 
A                              0.3536588 0.0000000 0.0555158 0.0980987 0.1216621 0.1807032 0.2681017 0.2458409 0.2402240 0.1841401 0.2171341 0.2449336 0.2408201 0.3453686 0.2258978 0.2860905 0.2284874 0.0942872 0.2462133 0.3074630 0.2496214 0.3008225 0.2784788 0.2742026 0.3069949 0.1303432 0.1948619 0.1795265 0.0837969 0.2412687 0.3749835 0.2290185 0.2547459 0.2717819 0.1740445 0.2988054 0.6967729 
A1                             0.3515054 0.0555158 0.0000000 0.1168951 0.1206999 0.1914835 0.2463321 0.1863027 0.2460684 0.1580699 0.1930243 0.2172054 0.2041723 0.3517456 0.2205433 0.2521737 0.1647486 0.0661864 0.2447110 0.3151946 0.2583347 0.3005557 0.2583887 0.2477987 0.2711961 0.1427017 0.1855208 0.1665293 0.0576082 0.2286301 0.3325786 0.1862984 0.2574027 0.2327963 0.1730727 0.2411379 0.6711207 
A2                             0.3412290 0.0980987 0.1168951 0.0000000 0.1841008 0.2060297 0.2420384 0.2237900 0.2278547 0.2619829 0.2649348 0.2572429 0.2227859 0.3779413 0.2407997 0.2498863 0.1979663 0.1299000 0.2650208 0.3054324 0.2699608 0.2881547 0.3033629 0.2791885 0.2693742 0.0668902 0.1930125 0.2029255 0.1113999 0.2441085 0.3303167 0.2303936 0.2981594 0.2630972 0.2672195 0.2208857 0.6341386 
A3                             0.3920479 0.1216621 0.1206999 0.1841008 0.0000000 0.2241111 0.2727025 0.2521173 0.2956392 0.2442664 0.2538789 0.2767688 0.2664620 0.3715391 0.2497658 0.2979894 0.2418009 0.1463636 0.2936128 0.3450528 0.3226565 0.3553843 0.3414794 0.3058658 0.3355402 0.2262162 0.2609429 0.2279534 0.1686747 0.3004303 0.3913213 0.2404448 0.3425075 0.3030131 0.1950640 0.3456094 0.7509550 
A6                             0.4046130 0.1807032 0.1914835 0.2060297 0.2241111 0.0000000 0.2962405 0.2943755 0.3109377 0.2343212 0.2731574 0.2857264 0.3573192 0.4647066 0.3503981 0.3662946 0.2723644 0.1894713 0.3390612 0.3151558 0.3318985 0.3544601 0.3081544 0.3053685 0.3170009 0.2212732 0.2495166 0.2675514 0.2004660 0.2654112 0.3929678 0.3425814 0.3559461 0.2694855 0.2899882 0.3516219 0.6641538 
B                              0.0759179 0.2681017 0.2463321 0.2420384 0.2727025 0.2962405 0.0000000 0.1903736 0.1396645 0.2180402 0.1518844 0.1916553 0.2305435 0.3654462 0.2788812 0.2685471 0.2900260 0.2223654 0.2538847 0.2810454 0.2674136 0.2372340 0.2995355 0.0568674 0.0723917 0.2677747 0.3038555 0.3160423 0.2508706 0.2279310 0.3039937 0.3316943 0.3082184 0.2348091 0.3203775 0.3707821 0.7029518 
C                              0.2892029 0.2458409 0.1863027 0.2237900 0.2521173 0.2943755 0.1903736 0.0000000 0.2286850 0.1792470 0.1233639 0.1670365 0.1989062 0.3102609 0.2456879 0.1939233 0.2414992 0.1939331 0.1812400 0.2811091 0.1416942 0.2440957 0.2735980 0.2025627 0.2480018 0.2358302 0.2211555 0.2620371 0.2303843 0.2578150 0.2539555 0.2837538 0.3596030 0.1578698 0.2807088 0.2942378 0.6626560 
D                              0.2038196 0.2402240 0.2460684 0.2278547 0.2956392 0.3109377 0.1396645 0.2286850 0.0000000 0.2154429 0.1764140 0.2107036 0.2586237 0.2963751 0.2702803 0.2538094 0.2890566 0.2230002 0.2781124 0.2695407 0.3178873 0.1452671 0.2944877 0.1937081 0.1744946 0.2447232 0.2791516 0.2779910 0.2312137 0.3153758 0.3587565 0.2366459 0.3148787 0.2422615 0.3114707 0.3407942 0.5629710 
F1                             0.3016172 0.1841401 0.1580699 0.2619829 0.2442664 0.2343212 0.2180402 0.1792470 0.2154429 0.0000000 0.1055832 0.2120528 0.1824871 0.3544570 0.2185860 0.2581943 0.2167341 0.1658249 0.2075845 0.1089987 0.2817617 0.3403276 0.0742447 0.2688061 0.2732592 0.2820943 0.2711153 0.2345176 0.2040624 0.0772945 0.2968820 0.2695587 0.3568960 0.2238972 0.3250594 0.3177731 0.6635950 
F2                             0.2700803 0.2171341 0.1930243 0.2649348 0.2538789 0.2731574 0.1518844 0.1233639 0.1764140 0.1055832 0.0000000 0.1541962 0.1883555 0.3018291 0.1947037 0.2081322 0.2413811 0.1725983 0.1402909 0.1687597 0.2179296 0.2434720 0.1853146 0.1775931 0.2259407 0.2598268 0.2292488 0.2665828 0.2196112 0.1884645 0.2154728 0.2645505 0.2912182 0.2067942 0.2883506 0.3020105 0.6238888 
G                              0.3031495 0.2449336 0.2172054 0.2572429 0.2767688 0.2857264 0.1916553 0.1670365 0.2107036 0.2120528 0.1541962 0.0000000 0.1883347 0.2026567 0.2574662 0.2266123 0.2739641 0.1980902 0.1494181 0.2823120 0.2990201 0.3144267 0.3053990 0.2468729 0.2682601 0.2379943 0.2715902 0.2679551 0.2600504 0.2300895 0.0950942 0.3044331 0.3685584 0.2535530 0.3305796 0.3242356 0.7212439 
H                              0.3453060 0.2408201 0.2041723 0.2227859 0.2664620 0.3573192 0.2305435 0.1989062 0.2586237 0.1824871 0.1883555 0.1883347 0.0000000 0.3265672 0.2561902 0.2419871 0.2722666 0.1999203 0.2703855 0.2632717 0.2646838 0.3000998 0.2802591 0.2849913 0.2768651 0.2293668 0.3111903 0.2707366 0.2698829 0.2484640 0.3456937 0.3306585 0.3461262 0.2319623 0.3220621 0.3594518 0.7487121 
J                              0.4820683 0.3453686 0.3517456 0.3779413 0.3715391 0.4647066 0.3654462 0.3102609 0.2963751 0.3544570 0.3018291 0.2026567 0.3265672 0.0000000 0.3858342 0.3861262 0.4386711 0.3430393 0.2726966 0.4042332 0.4204682 0.3919665 0.4886778 0.4169271 0.4273994 0.3866819 0.4467063 0.4168543 0.4090134 0.4079209 0.2851518 0.4438747 0.5074896 0.4059356 0.3846964 0.4940446 0.8568890 
K                              0.3833480 0.2258978 0.2205433 0.2407997 0.2497658 0.3503981 0.2788812 0.2456879 0.2702803 0.2185860 0.1947037 0.2574662 0.2561902 0.3858342 0.0000000 0.2798127 0.3119519 0.2489190 0.2361507 0.2963296 0.3442423 0.3480505 0.3416755 0.3369994 0.3297868 0.2846364 0.3661885 0.2706565 0.2587160 0.2780822 0.3306314 0.3259993 0.3550463 0.2963942 0.3071302 0.3626379 0.8391176 
L                              0.3610798 0.2860905 0.2521737 0.2498863 0.2979894 0.3662946 0.2685471 0.1939233 0.2538094 0.2581943 0.2081322 0.2266123 0.2419871 0.3861262 0.2798127 0.0000000 0.3174872 0.2456538 0.2837742 0.3498991 0.2986397 0.3233962 0.3370713 0.3240293 0.2989926 0.2704234 0.3041825 0.2891533 0.2718503 0.3209335 0.3419472 0.3206797 0.3446537 0.2401247 0.3366236 0.3087560 0.7098905 
AE                             0.4187634 0.2284874 0.1647486 0.1979663 0.2418009 0.2723644 0.2900260 0.2414992 0.2890566 0.2167341 0.2413811 0.2739641 0.2722666 0.4386711 0.3119519 0.3174872 0.0000000 0.1816600 0.2624562 0.3277141 0.3429397 0.4260255 0.3170041 0.3242648 0.3702785 0.2243639 0.1684581 0.2502956 0.2007826 0.2672365 0.3191557 0.2929608 0.3541693 0.3051769 0.2926548 0.0939757 0.6642343 
AG                             0.3150615 0.0942872 0.0661864 0.1299000 0.1463636 0.1894713 0.2223654 0.1939331 0.2230002 0.1658249 0.1725983 0.1980902 0.1999203 0.3430393 0.2489190 0.2456538 0.1816600 0.0000000 0.2207505 0.2829821 0.2323013 0.3022078 0.2433149 0.2507499 0.2643857 0.1356572 0.1760177 0.1766323 0.0999474 0.2165460 0.2824978 0.1915917 0.2089884 0.2314228 0.1577378 0.2272433 0.5976927 
cpx                            0.3176938 0.2462133 0.2447110 0.2650208 0.2936128 0.3390612 0.2538847 0.1812400 0.2781124 0.2075845 0.1402909 0.1494181 0.2703855 0.2726966 0.2361507 0.2837742 0.2624562 0.2207505 0.0000000 0.2804056 0.2906596 0.2681316 0.3252142 0.2756904 0.3353710 0.2488178 0.2959917 0.3359554 0.2738134 0.2864362 0.2358860 0.2861319 0.3727655 0.2819286 0.2577583 0.3317176 0.7500929 
DF                             0.3551778 0.3074630 0.3151946 0.3054324 0.3450528 0.3151558 0.2810454 0.2811091 0.2695407 0.1089987 0.1687597 0.2823120 0.2632717 0.4042332 0.2963296 0.3498991 0.3277141 0.2829821 0.2804056 0.0000000 0.3268497 0.3283742 0.1839105 0.3400040 0.3333898 0.3337169 0.3856061 0.3687493 0.3416086 0.1959518 0.3922002 0.3470279 0.3826023 0.2787043 0.3397530 0.3852566 0.8086142 
BC                             0.3419352 0.2496214 0.2583347 0.2699608 0.3226565 0.3318985 0.2674136 0.1416942 0.3178873 0.2817617 0.2179296 0.2990201 0.2646838 0.4204682 0.3442423 0.2986397 0.3429397 0.2323013 0.2906596 0.3268497 0.0000000 0.2964237 0.3461136 0.3316367 0.2949723 0.2508638 0.3198378 0.3472514 0.2944588 0.2899007 0.4136896 0.3323660 0.3819872 0.2847249 0.3334685 0.3488079 0.7232857 
CD                             0.3175852 0.3008225 0.3005557 0.2881547 0.3553843 0.3544601 0.2372340 0.2440957 0.1452671 0.3403276 0.2434720 0.3144267 0.3000998 0.3919665 0.3480505 0.3233962 0.4260255 0.3022078 0.2681316 0.3283742 0.2964237 0.0000000 0.3867692 0.2811348 0.2722809 0.3261936 0.3528054 0.4160442 0.2991758 0.3460908 0.3725751 0.3341587 0.3777566 0.3216775 0.3614099 0.4512843 0.7452361 
BF                             0.4344277 0.2784788 0.2583887 0.3033629 0.3414794 0.3081544 0.2995355 0.2735980 0.2944877 0.0742447 0.1853146 0.3053990 0.2802591 0.4886778 0.3416755 0.3370713 0.3170041 0.2433149 0.3252142 0.1839105 0.3461136 0.3867692 0.0000000 0.3266889 0.3744617 0.3306177 0.3391861 0.3507780 0.3066046 0.0989045 0.4199973 0.3554222 0.4120367 0.2860084 0.3811857 0.4886746 0.8259743 
BG                             0.1300914 0.2742026 0.2477987 0.2791885 0.3058658 0.3053685 0.0568674 0.2025627 0.1937081 0.2688061 0.1775931 0.2468729 0.2849913 0.4169271 0.3369994 0.3240293 0.3242648 0.2507499 0.2756904 0.3400040 0.3316367 0.2811348 0.3266889 0.0000000 0.1202230 0.3063098 0.2875342 0.3292897 0.2844168 0.2841286 0.3190175 0.3853435 0.3866124 0.2461992 0.3413497 0.3758176 0.7030405 
01B                            0.1043417 0.3069949 0.2711961 0.2693742 0.3355402 0.3170009 0.0723917 0.2480018 0.1744946 0.2732592 0.2259407 0.2682601 0.2768651 0.4273994 0.3297868 0.2989926 0.3702785 0.2643857 0.3353710 0.3333898 0.2949723 0.2722809 0.3744617 0.1202230 0.0000000 0.2633230 0.3602929 0.3528620 0.2964621 0.2578234 0.3757024 0.3539932 0.3733450 0.2593617 0.3896920 0.4013233 0.7552153 
A2D                            0.3566513 0.1303432 0.1427017 0.0668902 0.2262162 0.2212732 0.2677747 0.2358302 0.2447232 0.2820943 0.2598268 0.2379943 0.2293668 0.3866819 0.2846364 0.2704234 0.2243639 0.1356572 0.2488178 0.3337169 0.2508638 0.3261936 0.3306177 0.3063098 0.2633230 0.0000000 0.2239646 0.2209744 0.1532979 0.2552779 0.3349986 0.2179106 0.3223949 0.2657104 0.3571938 0.2683517 0.7304567 
01A1                           0.4363993 0.1948619 0.1855208 0.1930125 0.2609429 0.2495166 0.3038555 0.2211555 0.2791516 0.2711153 0.2292488 0.2715902 0.3111903 0.4467063 0.3661885 0.3041825 0.1684581 0.1760177 0.2959917 0.3856061 0.3198378 0.3528054 0.3391861 0.2875342 0.3602929 0.2239646 0.0000000 0.2730819 0.1895672 0.3294674 0.3381992 0.3499096 0.3283000 0.3032140 0.2908146 0.2463300 0.6585166 
A5U                            0.3940716 0.1795265 0.1665293 0.2029255 0.2279534 0.2675514 0.3160423 0.2620371 0.2779910 0.2345176 0.2665828 0.2679551 0.2707366 0.4168543 0.2706565 0.2891533 0.2502956 0.1766323 0.3359554 0.3687493 0.3472514 0.4160442 0.3507780 0.3292897 0.3528620 0.2209744 0.2730819 0.0000000 0.2108102 0.3067474 0.3644449 0.2940371 0.3202775 0.3283512 0.2717814 0.3480868 0.7155450 
AD                             0.3589860 0.0837969 0.0576082 0.1113999 0.1686747 0.2004660 0.2508706 0.2303843 0.2312137 0.2040624 0.2196112 0.2600504 0.2698829 0.4090134 0.2587160 0.2718503 0.2007826 0.0999474 0.2738134 0.3416086 0.2944588 0.2991758 0.3066046 0.2844168 0.2964621 0.1532979 0.1895672 0.2108102 0.0000000 0.2642789 0.3346812 0.2428227 0.2508237 0.2421447 0.1946201 0.2472663 0.6199229 
BF1                            0.3259635 0.2412687 0.2286301 0.2441085 0.3004303 0.2654112 0.2279310 0.2578150 0.3153758 0.0772945 0.1884645 0.2300895 0.2484640 0.4079209 0.2780822 0.3209335 0.2672365 0.2165460 0.2864362 0.1959518 0.2899007 0.3460908 0.0989045 0.2841286 0.2578234 0.2552779 0.3294674 0.3067474 0.2642789 0.0000000 0.3582035 0.3389472 0.3449278 0.2561417 0.3252627 0.3407765 0.6574642 
02G                            0.4364173 0.3749835 0.3325786 0.3303167 0.3913213 0.3929678 0.3039937 0.2539555 0.3587565 0.2968820 0.2154728 0.0950942 0.3456937 0.2851518 0.3306314 0.3419472 0.3191557 0.2824978 0.2358860 0.3922002 0.4136896 0.3725751 0.4199973 0.3190175 0.3757024 0.3349986 0.3381992 0.3644449 0.3346812 0.3582035 0.0000000 0.4053361 0.4795077 0.3411830 0.3564324 0.3904690 0.8094865 
A1D                            0.3714476 0.2290185 0.1862984 0.2303936 0.2404448 0.3425814 0.3316943 0.2837538 0.2366459 0.2695587 0.2645505 0.3044331 0.3306585 0.4438747 0.3259993 0.3206797 0.2929608 0.1915917 0.2861319 0.3470279 0.3323660 0.3341587 0.3554222 0.3853435 0.3539932 0.2179106 0.3499096 0.2940371 0.2428227 0.3389472 0.4053361 0.0000000 0.3604712 0.2935849 0.3027121 0.3619394 0.7377119 
02A                            0.3815295 0.2547459 0.2574027 0.2981594 0.3425075 0.3559461 0.3082184 0.3596030 0.3148787 0.3568960 0.2912182 0.3685584 0.3461262 0.5074896 0.3550463 0.3446537 0.3541693 0.2089884 0.3727655 0.3826023 0.3819872 0.3777566 0.4120367 0.3866124 0.3733450 0.3223949 0.3283000 0.3202775 0.2508237 0.3449278 0.4795077 0.3604712 0.0000000 0.3892796 0.2777323 0.3608765 0.7703946 
C2U                            0.3233838 0.2717819 0.2327963 0.2630972 0.3030131 0.2694855 0.2348091 0.1578698 0.2422615 0.2238972 0.2067942 0.2535530 0.2319623 0.4059356 0.2963942 0.2401247 0.3051769 0.2314228 0.2819286 0.2787043 0.2847249 0.3216775 0.2860084 0.2461992 0.2593617 0.2657104 0.3032140 0.3283512 0.2421447 0.2561417 0.3411830 0.2935849 0.3892796 0.0000000 0.3278037 0.3735844 0.7790542 
02B                            0.4011590 0.1740445 0.1730727 0.2672195 0.1950640 0.2899882 0.3203775 0.2807088 0.3114707 0.3250594 0.2883506 0.3305796 0.3220621 0.3846964 0.3071302 0.3366236 0.2926548 0.1577378 0.2577583 0.3397530 0.3334685 0.3614099 0.3811857 0.3413497 0.3896920 0.3571938 0.2908146 0.2717814 0.1946201 0.3252627 0.3564324 0.3027121 0.2777323 0.3278037 0.0000000 0.3513881 0.7802018 
01C                            0.4974596 0.2988054 0.2411379 0.2208857 0.3456094 0.3516219 0.3707821 0.2942378 0.3407942 0.3177731 0.3020105 0.3242356 0.3594518 0.4940446 0.3626379 0.3087560 0.0939757 0.2272433 0.3317176 0.3852566 0.3488079 0.4512843 0.4886746 0.3758176 0.4013233 0.2683517 0.2463300 0.3480868 0.2472663 0.3407765 0.3904690 0.3619394 0.3608765 0.3735844 0.3513881 0.0000000 0.6600319 
CPZ                            0.8555633 0.6967729 0.6711207 0.6341386 0.7509550 0.6641538 0.7029518 0.6626560 0.5629710 0.6635950 0.6238888 0.7212439 0.7487121 0.8568890 0.8391176 0.7098905 0.6642343 0.5976927 0.7500929 0.8086142 0.7232857 0.7452361 0.8259743 0.7030405 0.7552153 0.7304567 0.6585166 0.7155450 0.6199229 0.6574642 0.8094865 0.7377119 0.7703946 0.7790542 0.7802018 0.6600319 0.0000000 
